0	209470
1	200713
2	196610
3	166786
4	161137
5	156189
6	154789
7	137222
8	133886
9	125276
10	118101
11	105185
12	105161
13	100460
14	89201
15	86043
16	82890
17	80956
18	80864
19	78267
20	78239
21	77303
22	75646
23	74201
24	73624
25	69637
26	66638
27	65891
28	65616
29	65216
30	64919
31	64670
32	64021
33	63449
34	63162
35	63025
36	62269
37	61670
38	61566
39	61068
40	61067
41	60583
42	60240
43	59486
44	59206
45	59031
46	58607
47	58404
48	58256
49	58070
50	58049
51	57905
52	57598
53	57556
54	57077
55	56957
56	56645
57	56556
58	56512
59	56169
60	55950
61	55433
62	53837
63	52537
64	52430
65	52399
66	51966
67	51854
68	51453
69	50970
70	50876
71	49829
72	49826
73	49789
74	48767
75	48630
76	48417
77	48198
78	47774
79	47732
80	47166
81	47099
82	46964
83	46474
84	46444
85	45825
86	45533
87	44826
88	44788
89	44253
90	44237
91	44212
92	44175
93	44109
94	43933
95	43878
96	43577
97	43539
98	43505
99	43454
100	42921
101	42614
102	42586
103	42069
104	41829
105	41824
106	41624
107	41609
108	41468
109	41447
110	41061
111	40987
112	40827
113	40653
114	40537
115	40284
116	40202
117	40106
118	39893
119	39690
120	39589
121	39261
122	39133
123	39112
124	39020
125	38802
126	38768
127	38676
128	38499
129	38347
130	38216
131	38055
132	38001
133	37310
134	37250
135	37201
136	36842
137	36704
138	36690
139	36403
140	35985
141	35578
142	35209
143	35196
144	35056
145	34975
146	34745
147	34575
148	34439
149	34316
150	34255
151	34006
152	33828
153	33646
154	33605
155	33473
156	33417
157	33230
158	33217
159	33204
160	33078
161	33072
162	32944
163	32896
164	32800
165	32641
166	32428
167	32199
168	32164
169	31979
170	31843
171	31824
172	31699
173	31521
174	31429
175	31313
176	31295
177	31249
178	31190
179	30996
180	30722
181	30640
182	30618
183	30335
184	30208
185	30152
186	30056
187	29932
188	29855
189	29792
190	29776
191	29727
192	29641
193	29602
194	29549
195	29519
196	29178
197	29089
198	28917
199	28910
200	28867
201	28719
202	28472
203	28387
204	28311
205	28093
206	28091
207	27874
208	27672
209	27526
210	27445
211	27309
212	27265
213	27131
214	26969
215	26967
216	26952
217	26946
218	26815
219	26804
220	26687
221	26429
222	26420
223	26304
224	26190
225	25917
226	25888
227	25771
228	25763
229	25717
230	25686
231	25682
232	25662
233	25628
234	25523
235	25393
236	25377
237	25165
238	25052
239	25001
240	24942
241	24924
242	24772
243	24700
244	24610
245	24569
246	24558
247	24458
248	24436
249	24318
250	24298
251	24282
252	24247
253	24210
254	24143
255	24093
256	24087
257	24063
258	23931
259	23894
260	23889
261	23664
262	23650
263	23573
264	23521
265	23481
266	23433
267	23414
268	23376
269	23306
270	23216
271	23103
272	23063
273	23047
274	22998
275	22915
276	22910
277	22888
278	22876
279	22873
280	22646
281	22615
282	22608
283	22601
284	22409
285	22297
286	22244
287	22238
288	22193
289	22185
290	22112
291	22110
292	21859
293	21511
294	21428
295	21407
296	21297
297	21282
298	21131
299	21088
300	21086
301	21049
302	21032
303	20922
304	20908
305	20891
306	20646
307	20550
308	20440
309	20386
310	20336
311	20313
312	20282
313	20160
314	20155
315	19941
316	19917
317	19894
318	19809
319	19767
320	19763
321	19755
322	19744
323	19720
324	19665
325	19591
326	19392
327	19388
328	19291
329	19168
330	19148
331	19010
332	18975
333	18938
334	18932
335	18928
336	18837
337	18834
338	18789
339	18735
340	18691
341	18677
342	18667
343	18665
344	18618
345	18589
346	18557
347	18551
348	18524
349	18463
350	18431
351	18420
352	18401
353	18235
354	18233
355	18205
356	18145
357	18099
358	18002
359	17975
360	17945
361	17905
362	17861
363	17797
364	17718
365	17711
366	17663
367	17661
368	17647
369	17629
370	17585
371	17447
372	17424
373	17355
374	17334
375	17323
376	17319
377	17315
378	17287
379	17169
380	17141
381	17015
382	16908
383	16856
384	16801
385	16791
386	16783
387	16735
388	16714
389	16688
390	16654
391	16600
392	16585
393	16558
394	16468
395	16443
396	16375
397	16374
398	16336
399	16326
400	16277
401	16276
402	16241
403	16227
404	16185
405	16154
406	16144
407	16139
408	16105
409	16100
410	16071
411	16054
412	15981
413	15977
414	15938
415	15896
416	15859
417	15819
418	15786
419	15742
420	15699
421	15695
422	15629
423	15491
424	15472
425	15408
426	15388
427	15384
428	15342
429	15311
430	15310
431	15284
432	15279
433	15253
434	15252
435	15195
436	15145
437	15140
438	15125
439	15067
440	15057
441	15008
442	14946
443	14886
444	14871
445	14811
446	14802
447	14772
448	14763
449	14750
450	14716
451	14702
452	14616
453	14609
454	14539
455	14529
456	14516
457	14502
458	14443
459	14429
460	14397
461	14395
462	14385
463	14358
464	14339
465	14322
466	14322
467	14249
468	14239
469	14177
470	14156
471	14153
472	14120
473	14119
474	14098
475	14051
476	14038
477	14026
478	13998
479	13980
480	13953
481	13893
482	13891
483	13859
484	13843
485	13839
486	13814
487	13799
488	13787
489	13769
490	13720
491	13708
492	13706
493	13697
494	13696
495	13635
496	13622
497	13562
498	13546
499	13479
500	13464
501	13442
502	13425
503	13416
504	13406
505	13336
506	13324
507	13319
508	13318
509	13271
510	13238
511	13229
512	13195
513	13157
514	13104
515	13072
516	13051
517	13039
518	13023
519	13019
520	12985
521	12980
522	12969
523	12925
524	12921
525	12911
526	12903
527	12890
528	12849
529	12820
530	12793
531	12784
532	12782
533	12732
534	12719
535	12710
536	12688
537	12656
538	12654
539	12634
540	12603
541	12602
542	12596
543	12581
544	12574
545	12571
546	12532
547	12526
548	12472
549	12426
550	12421
551	12413
552	12411
553	12401
554	12389
555	12379
556	12354
557	12310
558	12306
559	12279
560	12260
561	12231
562	12201
563	12189
564	12172
565	12161
566	12145
567	12141
568	12133
569	12099
570	12098
571	12087
572	12084
573	12076
574	12061
575	12059
576	12039
577	12038
578	12021
579	12014
580	11983
581	11963
582	11944
583	11942
584	11930
585	11921
586	11905
587	11895
588	11894
589	11889
590	11887
591	11863
592	11841
593	11839
594	11805
595	11796
596	11774
597	11762
598	11733
599	11719
600	11696
601	11648
602	11646
603	11628
604	11591
605	11528
606	11511
607	11507
608	11470
609	11464
610	11392
611	11311
612	11281
613	11252
614	11225
615	11201
616	11184
617	11176
618	11160
619	11159
620	11144
621	11138
622	11097
623	11085
624	11059
625	11056
626	11051
627	11042
628	11022
629	11015
630	11014
631	10998
632	10998
633	10996
634	10947
635	10910
636	10891
637	10884
638	10879
639	10867
640	10844
641	10829
642	10824
643	10818
644	10813
645	10787
646	10777
647	10750
648	10731
649	10707
650	10697
651	10695
652	10646
653	10620
654	10591
655	10573
656	10570
657	10565
658	10559
659	10551
660	10545
661	10534
662	10525
663	10523
664	10517
665	10487
666	10486
667	10465
668	10429
669	10396
670	10393
671	10381
672	10346
673	10340
674	10335
675	10334
676	10299
677	10295
678	10282
679	10279
680	10279
681	10262
682	10247
683	10244
684	10243
685	10220
686	10214
687	10206
688	10160
689	10149
690	10141
691	10123
692	10113
693	10096
694	10075
695	10072
696	10071
697	10065
698	10023
699	10015
700	10013
701	9986
702	9972
703	9943
704	9908
705	9901
706	9898
707	9887
708	9877
709	9864
710	9840
711	9822
712	9798
713	9770
714	9731
715	9700
716	9683
717	9653
718	9633
719	9621
720	9609
721	9561
722	9558
723	9556
724	9554
725	9539
726	9490
727	9473
728	9440
729	9431
730	9406
731	9378
732	9358
733	9329
734	9324
735	9291
736	9280
737	9268
738	9261
739	9240
740	9231
741	9220
742	9218
743	9199
744	9191
745	9177
746	9177
747	9159
748	9156
749	9156
750	9156
751	9155
752	9154
753	9150
754	9145
755	9134
756	9128
757	9111
758	9102
759	9090
760	9090
761	9078
762	9075
763	9067
764	9056
765	9045
766	8984
767	8930
768	8927
769	8918
770	8914
771	8911
772	8905
773	8899
774	8880
775	8867
776	8856
777	8850
778	8831
779	8818
780	8815
781	8797
782	8793
783	8770
784	8769
785	8739
786	8739
787	8725
788	8718
789	8704
790	8703
791	8702
792	8697
793	8682
794	8676
795	8672
796	8656
797	8643
798	8637
799	8632
800	8614
801	8609
802	8587
803	8573
804	8560
805	8558
806	8548
807	8536
808	8531
809	8527
810	8523
811	8522
812	8517
813	8509
814	8503
815	8496
816	8490
817	8479
818	8478
819	8455
820	8450
821	8436
822	8401
823	8390
824	8384
825	8349
826	8318
827	8295
828	8278
829	8275
830	8251
831	8241
832	8240
833	8212
834	8203
835	8187
836	8178
837	8147
838	8144
839	8103
840	8101
841	8079
842	8058
843	8056
844	8045
845	8044
846	8036
847	8036
848	8025
849	7976
850	7966
851	7942
852	7934
853	7933
854	7917
855	7904
856	7897
857	7870
858	7845
859	7826
860	7818
861	7809
862	7800
863	7800
864	7793
865	7791
866	7782
867	7778
868	7761
869	7761
870	7759
871	7750
872	7743
873	7726
874	7717
875	7715
876	7698
877	7688
878	7681
879	7677
880	7651
881	7650
882	7628
883	7613
884	7613
885	7612
886	7588
887	7583
888	7581
889	7569
890	7563
891	7558
892	7539
893	7536
894	7529
895	7527
896	7499
897	7488
898	7488
899	7483
900	7474
901	7450
902	7441
903	7441
904	7438
905	7431
906	7410
907	7383
908	7381
909	7375
910	7349
911	7335
912	7312
913	7311
914	7307
915	7306
916	7304
917	7297
918	7287
919	7284
920	7282
921	7282
922	7256
923	7249
924	7245
925	7244
926	7211
927	7197
928	7194
929	7180
930	7169
931	7160
932	7152
933	7144
934	7136
935	7136
936	7133
937	7114
938	7113
939	7104
940	7096
941	7086
942	7082
943	7076
944	7067
945	7066
946	7065
947	7049
948	7049
949	7047
950	7039
951	7035
952	7016
953	7002
954	6982
955	6977
956	6976
957	6976
958	6953
959	6947
960	6944
961	6941
962	6935
963	6935
964	6914
965	6904
966	6887
967	6880
968	6879
969	6866
970	6854
971	6852
972	6829
973	6827
974	6814
975	6804
976	6798
977	6796
978	6789
979	6776
980	6765
981	6760
982	6735
983	6735
984	6734
985	6732
986	6722
987	6722
988	6718
989	6706
990	6698
991	6696
992	6694
993	6680
994	6677
995	6674
996	6657
997	6656
998	6646
999	6644
1000	6637
1001	6636
1002	6625
1003	6617
1004	6605
1005	6601
1006	6585
1007	6584
1008	6568
1009	6567
1010	6545
1011	6540
1012	6537
1013	6535
1014	6524
1015	6516
1016	6509
1017	6508
1018	6499
1019	6468
1020	6454
1021	6453
1022	6449
1023	6440
1024	6436
1025	6416
1026	6395
1027	6381
1028	6361
1029	6360
1030	6355
1031	6351
1032	6347
1033	6343
1034	6343
1035	6340
1036	6327
1037	6327
1038	6323
1039	6318
1040	6316
1041	6314
1042	6307
1043	6302
1044	6299
1045	6296
1046	6295
1047	6283
1048	6280
1049	6244
1050	6232
1051	6226
1052	6223
1053	6212
1054	6203
1055	6199
1056	6194
1057	6188
1058	6186
1059	6174
1060	6174
1061	6171
1062	6168
1063	6159
1064	6158
1065	6156
1066	6156
1067	6136
1068	6136
1069	6126
1070	6125
1071	6120
1072	6110
1073	6102
1074	6084
1075	6083
1076	6068
1077	6064
1078	6062
1079	6055
1080	6034
1081	6029
1082	6026
1083	6018
1084	6013
1085	5992
1086	5962
1087	5961
1088	5957
1089	5947
1090	5944
1091	5921
1092	5920
1093	5913
1094	5912
1095	5911
1096	5909
1097	5905
1098	5904
1099	5900
1100	5896
1101	5894
1102	5882
1103	5880
1104	5880
1105	5872
1106	5870
1107	5861
1108	5851
1109	5848
1110	5843
1111	5839
1112	5837
1113	5831
1114	5830
1115	5816
1116	5810
1117	5804
1118	5799
1119	5783
1120	5781
1121	5780
1122	5775
1123	5767
1124	5765
1125	5759
1126	5752
1127	5751
1128	5749
1129	5745
1130	5734
1131	5729
1132	5721
1133	5714
1134	5691
1135	5691
1136	5688
1137	5687
1138	5683
1139	5682
1140	5680
1141	5677
1142	5676
1143	5674
1144	5673
1145	5667
1146	5666
1147	5663
1148	5626
1149	5623
1150	5623
1151	5617
1152	5615
1153	5612
1154	5611
1155	5611
1156	5606
1157	5598
1158	5594
1159	5587
1160	5586
1161	5580
1162	5579
1163	5577
1164	5575
1165	5574
1166	5565
1167	5563
1168	5560
1169	5551
1170	5551
1171	5544
1172	5539
1173	5536
1174	5523
1175	5518
1176	5512
1177	5510
1178	5506
1179	5472
1180	5457
1181	5450
1182	5449
1183	5449
1184	5446
1185	5445
1186	5443
1187	5429
1188	5429
1189	5426
1190	5425
1191	5393
1192	5392
1193	5381
1194	5377
1195	5376
1196	5370
1197	5367
1198	5366
1199	5362
1200	5357
1201	5355
1202	5343
1203	5336
1204	5334
1205	5331
1206	5326
1207	5319
1208	5317
1209	5313
1210	5311
1211	5310
1212	5309
1213	5309
1214	5303
1215	5302
1216	5286
1217	5281
1218	5268
1219	5260
1220	5256
1221	5256
1222	5249
1223	5248
1224	5248
1225	5247
1226	5246
1227	5242
1228	5237
1229	5236
1230	5229
1231	5228
1232	5224
1233	5220
1234	5219
1235	5210
1236	5195
1237	5195
1238	5193
1239	5192
1240	5183
1241	5180
1242	5176
1243	5174
1244	5168
1245	5157
1246	5138
1247	5133
1248	5131
1249	5131
1250	5126
1251	5126
1252	5120
1253	5120
1254	5110
1255	5104
1256	5089
1257	5084
1258	5081
1259	5079
1260	5073
1261	5058
1262	5051
1263	5048
1264	5029
1265	5025
1266	5024
1267	5021
1268	5013
1269	5008
1270	5002
1271	5002
1272	4999
1273	4990
1274	4986
1275	4977
1276	4966
1277	4964
1278	4964
1279	4962
1280	4957
1281	4926
1282	4923
1283	4918
1284	4915
1285	4903
1286	4897
1287	4895
1288	4880
1289	4874
1290	4874
1291	4868
1292	4865
1293	4861
1294	4856
1295	4852
1296	4841
1297	4834
1298	4832
1299	4829
1300	4828
1301	4826
1302	4812
1303	4802
1304	4799
1305	4786
1306	4781
1307	4781
1308	4770
1309	4766
1310	4760
1311	4755
1312	4749
1313	4744
1314	4733
1315	4726
1316	4726
1317	4714
1318	4713
1319	4702
1320	4702
1321	4699
1322	4699
1323	4693
1324	4690
1325	4685
1326	4685
1327	4680
1328	4679
1329	4679
1330	4677
1331	4674
1332	4671
1333	4669
1334	4668
1335	4663
1336	4655
1337	4649
1338	4648
1339	4644
1340	4638
1341	4636
1342	4635
1343	4631
1344	4625
1345	4612
1346	4609
1347	4606
1348	4604
1349	4591
1350	4551
1351	4549
1352	4547
1353	4547
1354	4545
1355	4543
1356	4542
1357	4537
1358	4537
1359	4536
1360	4526
1361	4520
1362	4513
1363	4512
1364	4501
1365	4501
1366	4496
1367	4496
1368	4495
1369	4485
1370	4481
1371	4478
1372	4477
1373	4466
1374	4464
1375	4462
1376	4460
1377	4452
1378	4450
1379	4444
1380	4439
1381	4436
1382	4434
1383	4432
1384	4431
1385	4430
1386	4424
1387	4424
1388	4423
1389	4422
1390	4421
1391	4415
1392	4399
1393	4392
1394	4388
1395	4386
1396	4384
1397	4369
1398	4369
1399	4369
1400	4367
1401	4367
1402	4367
1403	4364
1404	4364
1405	4360
1406	4359
1407	4356
1408	4355
1409	4353
1410	4346
1411	4345
1412	4341
1413	4333
1414	4329
1415	4328
1416	4325
1417	4315
1418	4298
1419	4296
1420	4291
1421	4290
1422	4289
1423	4289
1424	4281
1425	4279
1426	4277
1427	4275
1428	4268
1429	4265
1430	4258
1431	4249
1432	4237
1433	4235
1434	4231
1435	4226
1436	4221
1437	4220
1438	4215
1439	4213
1440	4208
1441	4206
1442	4197
1443	4193
1444	4191
1445	4190
1446	4187
1447	4186
1448	4186
1449	4184
1450	4180
1451	4177
1452	4176
1453	4175
1454	4173
1455	4166
1456	4162
1457	4159
1458	4149
1459	4147
1460	4144
1461	4140
1462	4138
1463	4138
1464	4123
1465	4122
1466	4121
1467	4120
1468	4114
1469	4113
1470	4104
1471	4103
1472	4102
1473	4100
1474	4098
1475	4094
1476	4092
1477	4089
1478	4089
1479	4089
1480	4087
1481	4083
1482	4079
1483	4076
1484	4075
1485	4070
1486	4070
1487	4069
1488	4054
1489	4050
1490	4050
1491	4049
1492	4048
1493	4047
1494	4042
1495	4042
1496	4031
1497	4028
1498	4024
1499	4017
1500	4015
1501	4013
1502	4012
1503	4007
1504	4004
1505	4003
1506	4001
1507	4001
1508	3993
1509	3992
1510	3983
1511	3979
1512	3978
1513	3976
1514	3975
1515	3971
1516	3964
1517	3960
1518	3959
1519	3956
1520	3942
1521	3941
1522	3940
1523	3935
1524	3935
1525	3934
1526	3933
1527	3931
1528	3925
1529	3925
1530	3923
1531	3921
1532	3908
1533	3908
1534	3891
1535	3888
1536	3886
1537	3884
1538	3883
1539	3880
1540	3879
1541	3878
1542	3874
1543	3863
1544	3863
1545	3862
1546	3860
1547	3858
1548	3854
1549	3853
1550	3843
1551	3836
1552	3826
1553	3820
1554	3820
1555	3812
1556	3807
1557	3806
1558	3805
1559	3803
1560	3801
1561	3797
1562	3786
1563	3782
1564	3779
1565	3779
1566	3773
1567	3769
1568	3767
1569	3763
1570	3757
1571	3757
1572	3753
1573	3730
1574	3727
1575	3723
1576	3719
1577	3717
1578	3717
1579	3713
1580	3710
1581	3705
1582	3704
1583	3699
1584	3691
1585	3690
1586	3689
1587	3685
1588	3685
1589	3683
1590	3669
1591	3663
1592	3660
1593	3658
1594	3651
1595	3649
1596	3643
1597	3643
1598	3639
1599	3628
1600	3617
1601	3616
1602	3607
1603	3606
1604	3602
1605	3601
1606	3592
1607	3591
1608	3591
1609	3590
1610	3581
1611	3580
1612	3575
1613	3572
1614	3569
1615	3566
1616	3564
1617	3561
1618	3558
1619	3558
1620	3551
1621	3550
1622	3549
1623	3548
1624	3539
1625	3538
1626	3528
1627	3525
1628	3522
1629	3517
1630	3515
1631	3511
1632	3509
1633	3506
1634	3502
1635	3500
1636	3498
1637	3490
1638	3480
1639	3478
1640	3473
1641	3468
1642	3467
1643	3466
1644	3465
1645	3463
1646	3462
1647	3461
1648	3453
1649	3452
1650	3448
1651	3439
1652	3437
1653	3436
1654	3433
1655	3430
1656	3429
1657	3427
1658	3425
1659	3424
1660	3422
1661	3420
1662	3418
1663	3411
1664	3410
1665	3406
1666	3405
1667	3400
1668	3397
1669	3396
1670	3389
1671	3387
1672	3384
1673	3380
1674	3378
1675	3377
1676	3376
1677	3374
1678	3369
1679	3367
1680	3366
1681	3361
1682	3361
1683	3359
1684	3358
1685	3353
1686	3353
1687	3341
1688	3336
1689	3335
1690	3334
1691	3331
1692	3323
1693	3323
1694	3322
1695	3319
1696	3313
1697	3310
1698	3309
1699	3303
1700	3303
1701	3299
1702	3295
1703	3292
1704	3292
1705	3288
1706	3285
1707	3284
1708	3282
1709	3280
1710	3280
1711	3275
1712	3273
1713	3266
1714	3264
1715	3262
1716	3262
1717	3261
1718	3261
1719	3260
1720	3254
1721	3254
1722	3253
1723	3245
1724	3243
1725	3242
1726	3237
1727	3236
1728	3234
1729	3234
1730	3229
1731	3224
1732	3222
1733	3220
1734	3218
1735	3214
1736	3212
1737	3211
1738	3210
1739	3206
1740	3205
1741	3204
1742	3204
1743	3203
1744	3199
1745	3198
1746	3197
1747	3195
1748	3193
1749	3192
1750	3186
1751	3184
1752	3180
1753	3178
1754	3170
1755	3170
1756	3164
1757	3164
1758	3164
1759	3161
1760	3147
1761	3146
1762	3145
1763	3144
1764	3137
1765	3136
1766	3136
1767	3129
1768	3123
1769	3119
1770	3117
1771	3115
1772	3110
1773	3108
1774	3107
1775	3100
1776	3100
1777	3098
1778	3096
1779	3090
1780	3089
1781	3087
1782	3085
1783	3084
1784	3083
1785	3078
1786	3077
1787	3077
1788	3077
1789	3077
1790	3072
1791	3071
1792	3067
1793	3066
1794	3065
1795	3064
1796	3063
1797	3062
1798	3062
1799	3062
1800	3060
1801	3057
1802	3053
1803	3052
1804	3051
1805	3042
1806	3041
1807	3040
1808	3039
1809	3037
1810	3037
1811	3037
1812	3028
1813	3026
1814	3026
1815	3023
1816	3022
1817	3016
1818	3009
1819	3008
1820	3002
1821	3001
1822	2999
1823	2999
1824	2998
1825	2995
1826	2992
1827	2987
1828	2981
1829	2979
1830	2978
1831	2975
1832	2974
1833	2973
1834	2973
1835	2972
1836	2967
1837	2963
1838	2963
1839	2963
1840	2957
1841	2953
1842	2951
1843	2950
1844	2947
1845	2947
1846	2940
1847	2939
1848	2937
1849	2935
1850	2934
1851	2934
1852	2928
1853	2927
1854	2926
1855	2923
1856	2922
1857	2922
1858	2921
1859	2918
1860	2916
1861	2913
1862	2911
1863	2910
1864	2910
1865	2908
1866	2903
1867	2900
1868	2898
1869	2897
1870	2896
1871	2896
1872	2895
1873	2894
1874	2892
1875	2890
1876	2890
1877	2889
1878	2884
1879	2882
1880	2882
1881	2880
1882	2874
1883	2873
1884	2872
1885	2869
1886	2868
1887	2866
1888	2864
1889	2860
1890	2859
1891	2857
1892	2852
1893	2850
1894	2849
1895	2840
1896	2839
1897	2839
1898	2837
1899	2835
1900	2827
1901	2826
1902	2826
1903	2826
1904	2824
1905	2821
1906	2819
1907	2819
1908	2818
1909	2818
1910	2818
1911	2813
1912	2813
1913	2809
1914	2807
1915	2803
1916	2801
1917	2800
1918	2795
1919	2791
1920	2785
1921	2785
1922	2782
1923	2780
1924	2779
1925	2778
1926	2777
1927	2769
1928	2769
1929	2769
1930	2768
1931	2767
1932	2766
1933	2762
1934	2761
1935	2760
1936	2759
1937	2759
1938	2756
1939	2756
1940	2749
1941	2745
1942	2744
1943	2740
1944	2740
1945	2736
1946	2736
1947	2734
1948	2734
1949	2733
1950	2733
1951	2732
1952	2732
1953	2730
1954	2728
1955	2727
1956	2727
1957	2727
1958	2724
1959	2723
1960	2722
1961	2718
1962	2717
1963	2717
1964	2716
1965	2715
1966	2715
1967	2712
1968	2712
1969	2711
1970	2707
1971	2706
1972	2703
1973	2702
1974	2698
1975	2693
1976	2689
1977	2687
1978	2684
1979	2682
1980	2678
1981	2675
1982	2674
1983	2673
1984	2669
1985	2669
1986	2668
1987	2665
1988	2664
1989	2659
1990	2657
1991	2654
1992	2653
1993	2648
1994	2643
1995	2640
1996	2638
1997	2637
1998	2636
1999	2634
2000	2630
2001	2628
2002	2628
2003	2625
2004	2623
2005	2622
2006	2612
2007	2609
2008	2608
2009	2608
2010	2607
2011	2607
2012	2603
2013	2601
2014	2601
2015	2600
2016	2599
2017	2598
2018	2594
2019	2593
2020	2591
2021	2590
2022	2587
2023	2586
2024	2586
2025	2584
2026	2582
2027	2581
2028	2575
2029	2574
2030	2572
2031	2571
2032	2569
2033	2568
2034	2567
2035	2567
2036	2566
2037	2566
2038	2565
2039	2564
2040	2563
2041	2563
2042	2560
2043	2559
2044	2558
2045	2556
2046	2556
2047	2554
2048	2553
2049	2549
2050	2548
2051	2542
2052	2541
2053	2525
2054	2525
2055	2524
2056	2524
2057	2518
2058	2518
2059	2517
2060	2516
2061	2516
2062	2516
2063	2515
2064	2515
2065	2514
2066	2506
2067	2505
2068	2504
2069	2499
2070	2497
2071	2496
2072	2494
2073	2493
2074	2493
2075	2490
2076	2489
2077	2489
2078	2487
2079	2484
2080	2483
2081	2479
2082	2479
2083	2478
2084	2478
2085	2477
2086	2476
2087	2474
2088	2471
2089	2471
2090	2471
2091	2470
2092	2467
2093	2466
2094	2466
2095	2465
2096	2465
2097	2464
2098	2463
2099	2462
2100	2457
2101	2456
2102	2454
2103	2453
2104	2451
2105	2449
2106	2445
2107	2443
2108	2443
2109	2442
2110	2442
2111	2442
2112	2441
2113	2440
2114	2435
2115	2432
2116	2430
2117	2425
2118	2425
2119	2419
2120	2417
2121	2417
2122	2416
2123	2415
2124	2415
2125	2413
2126	2412
2127	2409
2128	2408
2129	2400
2130	2399
2131	2397
2132	2397
2133	2397
2134	2396
2135	2395
2136	2394
2137	2393
2138	2392
2139	2392
2140	2390
2141	2390
2142	2389
2143	2389
2144	2388
2145	2388
2146	2384
2147	2383
2148	2380
2149	2379
2150	2378
2151	2376
2152	2376
2153	2375
2154	2375
2155	2375
2156	2372
2157	2371
2158	2368
2159	2367
2160	2364
2161	2362
2162	2359
2163	2357
2164	2357
2165	2356
2166	2356
2167	2355
2168	2354
2169	2347
2170	2346
2171	2345
2172	2344
2173	2344
2174	2344
2175	2342
2176	2342
2177	2342
2178	2338
2179	2336
2180	2334
2181	2334
2182	2328
2183	2324
2184	2322
2185	2322
2186	2320
2187	2319
2188	2318
2189	2317
2190	2315
2191	2315
2192	2312
2193	2311
2194	2309
2195	2308
2196	2307
2197	2305
2198	2304
2199	2301
2200	2300
2201	2300
2202	2298
2203	2296
2204	2295
2205	2293
2206	2292
2207	2291
2208	2285
2209	2283
2210	2281
2211	2279
2212	2278
2213	2278
2214	2276
2215	2275
2216	2275
2217	2273
2218	2271
2219	2271
2220	2268
2221	2268
2222	2266
2223	2263
2224	2262
2225	2259
2226	2259
2227	2258
2228	2257
2229	2256
2230	2256
2231	2256
2232	2256
2233	2251
2234	2250
2235	2249
2236	2248
2237	2248
2238	2247
2239	2245
2240	2244
2241	2238
2242	2235
2243	2233
2244	2230
2245	2228
2246	2228
2247	2226
2248	2225
2249	2222
2250	2219
2251	2219
2252	2218
2253	2215
2254	2215
2255	2213
2256	2213
2257	2210
2258	2207
2259	2205
2260	2205
2261	2202
2262	2202
2263	2202
2264	2202
2265	2200
2266	2199
2267	2199
2268	2196
2269	2192
2270	2192
2271	2191
2272	2191
2273	2183
2274	2183
2275	2180
2276	2180
2277	2179
2278	2178
2279	2175
2280	2174
2281	2173
2282	2173
2283	2172
2284	2171
2285	2169
2286	2166
2287	2160
2288	2160
2289	2158
2290	2154
2291	2152
2292	2151
2293	2151
2294	2151
2295	2150
2296	2145
2297	2143
2298	2143
2299	2141
2300	2137
2301	2133
2302	2132
2303	2131
2304	2131
2305	2128
2306	2126
2307	2123
2308	2123
2309	2122
2310	2118
2311	2117
2312	2115
2313	2115
2314	2113
2315	2112
2316	2112
2317	2112
2318	2111
2319	2110
2320	2109
2321	2108
2322	2106
2323	2106
2324	2104
2325	2103
2326	2103
2327	2103
2328	2101
2329	2101
2330	2098
2331	2097
2332	2094
2333	2091
2334	2091
2335	2088
2336	2088
2337	2088
2338	2088
2339	2087
2340	2085
2341	2083
2342	2082
2343	2081
2344	2080
2345	2079
2346	2079
2347	2075
2348	2075
2349	2074
2350	2074
2351	2072
2352	2069
2353	2068
2354	2067
2355	2065
2356	2065
2357	2065
2358	2063
2359	2061
2360	2061
2361	2058
2362	2057
2363	2057
2364	2053
2365	2049
2366	2048
2367	2048
2368	2045
2369	2044
2370	2043
2371	2041
2372	2039
2373	2034
2374	2033
2375	2031
2376	2030
2377	2030
2378	2030
2379	2029
2380	2028
2381	2026
2382	2023
2383	2022
2384	2020
2385	2019
2386	2014
2387	2011
2388	2010
2389	2009
2390	2008
2391	2007
2392	2005
2393	2002
2394	2002
2395	2002
2396	1997
2397	1996
2398	1996
2399	1993
2400	1993
2401	1993
2402	1991
2403	1990
2404	1988
2405	1988
2406	1988
2407	1986
2408	1986
2409	1985
2410	1984
2411	1980
2412	1978
2413	1977
2414	1977
2415	1974
2416	1974
2417	1974
2418	1973
2419	1972
2420	1970
2421	1969
2422	1967
2423	1965
2424	1963
2425	1960
2426	1957
2427	1956
2428	1956
2429	1956
2430	1956
2431	1955
2432	1953
2433	1953
2434	1953
2435	1953
2436	1952
2437	1952
2438	1947
2439	1946
2440	1945
2441	1945
2442	1944
2443	1942
2444	1942
2445	1940
2446	1939
2447	1939
2448	1936
2449	1934
2450	1934
2451	1933
2452	1931
2453	1928
2454	1926
2455	1925
2456	1923
2457	1922
2458	1917
2459	1917
2460	1914
2461	1914
2462	1912
2463	1910
2464	1909
2465	1909
2466	1907
2467	1903
2468	1902
2469	1902
2470	1898
2471	1896
2472	1895
2473	1895
2474	1894
2475	1894
2476	1888
2477	1888
2478	1887
2479	1884
2480	1881
2481	1880
2482	1879
2483	1879
2484	1878
2485	1878
2486	1877
2487	1876
2488	1875
2489	1873
2490	1872
2491	1870
2492	1870
2493	1867
2494	1866
2495	1864
2496	1862
2497	1862
2498	1855
2499	1853
2500	1852
2501	1851
2502	1842
2503	1842
2504	1840
2505	1840
2506	1836
2507	1836
2508	1831
2509	1829
2510	1828
2511	1827
2512	1827
2513	1825
2514	1824
2515	1824
2516	1823
2517	1821
2518	1815
2519	1815
2520	1812
2521	1811
2522	1809
2523	1807
2524	1806
2525	1805
2526	1805
2527	1804
2528	1804
2529	1803
2530	1803
2531	1801
2532	1801
2533	1800
2534	1800
2535	1800
2536	1796
2537	1796
2538	1796
2539	1795
2540	1793
2541	1793
2542	1792
2543	1791
2544	1790
2545	1787
2546	1786
2547	1786
2548	1785
2549	1785
2550	1785
2551	1783
2552	1782
2553	1780
2554	1779
2555	1778
2556	1778
2557	1777
2558	1776
2559	1776
2560	1775
2561	1774
2562	1774
2563	1774
2564	1771
2565	1771
2566	1771
2567	1770
2568	1769
2569	1769
2570	1768
2571	1766
2572	1764
2573	1763
2574	1763
2575	1761
2576	1760
2577	1759
2578	1758
2579	1758
2580	1758
2581	1754
2582	1752
2583	1752
2584	1752
2585	1750
2586	1749
2587	1747
2588	1746
2589	1746
2590	1746
2591	1745
2592	1745
2593	1744
2594	1743
2595	1742
2596	1741
2597	1741
2598	1738
2599	1737
2600	1737
2601	1736
2602	1736
2603	1735
2604	1733
2605	1732
2606	1729
2607	1729
2608	1729
2609	1726
2610	1725
2611	1725
2612	1723
2613	1723
2614	1722
2615	1722
2616	1720
2617	1720
2618	1718
2619	1717
2620	1716
2621	1714
2622	1713
2623	1713
2624	1712
2625	1710
2626	1709
2627	1707
2628	1706
2629	1703
2630	1702
2631	1701
2632	1701
2633	1700
2634	1700
2635	1699
2636	1699
2637	1698
2638	1697
2639	1696
2640	1694
2641	1693
2642	1691
2643	1690
2644	1690
2645	1688
2646	1685
2647	1685
2648	1681
2649	1680
2650	1680
2651	1680
2652	1680
2653	1679
2654	1677
2655	1673
2656	1669
2657	1668
2658	1668
2659	1668
2660	1667
2661	1666
2662	1663
2663	1663
2664	1662
2665	1661
2666	1660
2667	1659
2668	1658
2669	1658
2670	1656
2671	1655
2672	1652
2673	1651
2674	1650
2675	1650
2676	1649
2677	1648
2678	1646
2679	1646
2680	1645
2681	1644
2682	1642
2683	1642
2684	1641
2685	1641
2686	1640
2687	1640
2688	1640
2689	1639
2690	1638
2691	1637
2692	1635
2693	1634
2694	1633
2695	1633
2696	1632
2697	1630
2698	1628
2699	1627
2700	1625
2701	1623
2702	1623
2703	1622
2704	1621
2705	1621
2706	1621
2707	1620
2708	1620
2709	1618
2710	1617
2711	1616
2712	1616
2713	1616
2714	1616
2715	1615
2716	1612
2717	1612
2718	1611
2719	1609
2720	1607
2721	1607
2722	1606
2723	1606
2724	1606
2725	1605
2726	1605
2727	1604
2728	1603
2729	1602
2730	1602
2731	1601
2732	1601
2733	1598
2734	1596
2735	1596
2736	1590
2737	1590
2738	1589
2739	1589
2740	1588
2741	1588
2742	1587
2743	1585
2744	1584
2745	1584
2746	1583
2747	1583
2748	1580
2749	1579
2750	1577
2751	1577
2752	1576
2753	1576
2754	1575
2755	1575
2756	1573
2757	1570
2758	1569
2759	1569
2760	1569
2761	1568
2762	1566
2763	1566
2764	1565
2765	1565
2766	1565
2767	1564
2768	1564
2769	1564
2770	1561
2771	1560
2772	1560
2773	1559
2774	1558
2775	1558
2776	1557
2777	1557
2778	1556
2779	1556
2780	1556
2781	1554
2782	1553
2783	1553
2784	1553
2785	1553
2786	1551
2787	1551
2788	1550
2789	1549
2790	1548
2791	1546
2792	1546
2793	1545
2794	1541
2795	1540
2796	1539
2797	1539
2798	1539
2799	1537
2800	1537
2801	1537
2802	1536
2803	1536
2804	1533
2805	1530
2806	1528
2807	1527
2808	1526
2809	1526
2810	1525
2811	1524
2812	1523
2813	1522
2814	1521
2815	1520
2816	1520
2817	1519
2818	1518
2819	1516
2820	1515
2821	1514
2822	1513
2823	1512
2824	1512
2825	1512
2826	1511
2827	1510
2828	1509
2829	1508
2830	1508
2831	1508
2832	1508
2833	1506
2834	1505
2835	1505
2836	1503
2837	1502
2838	1498
2839	1496
2840	1496
2841	1496
2842	1494
2843	1493
2844	1492
2845	1491
2846	1489
2847	1488
2848	1488
2849	1488
2850	1487
2851	1484
2852	1483
2853	1481
2854	1481
2855	1480
2856	1480
2857	1478
2858	1476
2859	1476
2860	1476
2861	1476
2862	1475
2863	1474
2864	1474
2865	1474
2866	1473
2867	1473
2868	1472
2869	1471
2870	1470
2871	1469
2872	1468
2873	1467
2874	1465
2875	1465
2876	1465
2877	1464
2878	1462
2879	1462
2880	1459
2881	1459
2882	1459
2883	1458
2884	1457
2885	1455
2886	1454
2887	1453
2888	1451
2889	1451
2890	1450
2891	1449
2892	1448
2893	1447
2894	1447
2895	1447
2896	1447
2897	1446
2898	1446
2899	1446
2900	1445
2901	1445
2902	1444
2903	1443
2904	1443
2905	1443
2906	1443
2907	1443
2908	1442
2909	1442
2910	1442
2911	1442
2912	1442
2913	1440
2914	1439
2915	1438
2916	1437
2917	1437
2918	1436
2919	1433
2920	1432
2921	1432
2922	1431
2923	1430
2924	1427
2925	1427
2926	1426
2927	1425
2928	1425
2929	1424
2930	1421
2931	1419
2932	1419
2933	1419
2934	1418
2935	1418
2936	1417
2937	1417
2938	1415
2939	1415
2940	1413
2941	1413
2942	1413
2943	1413
2944	1412
2945	1412
2946	1412
2947	1412
2948	1411
2949	1409
2950	1409
2951	1402
2952	1402
2953	1402
2954	1402
2955	1401
2956	1400
2957	1399
2958	1398
2959	1398
2960	1398
2961	1397
2962	1396
2963	1395
2964	1395
2965	1394
2966	1393
2967	1393
2968	1392
2969	1390
2970	1389
2971	1388
2972	1388
2973	1388
2974	1387
2975	1386
2976	1386
2977	1383
2978	1382
2979	1380
2980	1380
2981	1380
2982	1378
2983	1377
2984	1375
2985	1374
2986	1373
2987	1373
2988	1371
2989	1370
2990	1370
2991	1370
2992	1369
2993	1369
2994	1368
2995	1368
2996	1366
2997	1366
2998	1365
2999	1364
3000	1363
3001	1363
3002	1363
3003	1362
3004	1360
3005	1359
3006	1359
3007	1359
3008	1358
3009	1358
3010	1357
3011	1355
3012	1354
3013	1353
3014	1351
3015	1351
3016	1351
3017	1350
3018	1350
3019	1349
3020	1349
3021	1348
3022	1346
3023	1346
3024	1346
3025	1345
3026	1345
3027	1344
3028	1343
3029	1343
3030	1343
3031	1343
3032	1342
3033	1341
3034	1340
3035	1339
3036	1339
3037	1339
3038	1338
3039	1338
3040	1338
3041	1335
3042	1335
3043	1335
3044	1334
3045	1334
3046	1332
3047	1332
3048	1331
3049	1331
3050	1330
3051	1330
3052	1329
3053	1329
3054	1328
3055	1327
3056	1327
3057	1327
3058	1327
3059	1327
3060	1326
3061	1325
3062	1325
3063	1325
3064	1325
3065	1325
3066	1324
3067	1324
3068	1323
3069	1322
3070	1322
3071	1322
3072	1321
3073	1320
3074	1319
3075	1318
3076	1318
3077	1318
3078	1317
3079	1315
3080	1315
3081	1314
3082	1313
3083	1313
3084	1313
3085	1312
3086	1311
3087	1310
3088	1309
3089	1308
3090	1307
3091	1302
3092	1302
3093	1302
3094	1301
3095	1301
3096	1300
3097	1300
3098	1299
3099	1297
3100	1297
3101	1296
3102	1296
3103	1296
3104	1295
3105	1295
3106	1295
3107	1294
3108	1294
3109	1294
3110	1292
3111	1291
3112	1291
3113	1291
3114	1290
3115	1290
3116	1288
3117	1288
3118	1286
3119	1286
3120	1286
3121	1286
3122	1284
3123	1284
3124	1283
3125	1283
3126	1282
3127	1281
3128	1280
3129	1280
3130	1279
3131	1279
3132	1278
3133	1278
3134	1277
3135	1276
3136	1273
3137	1272
3138	1271
3139	1271
3140	1271
3141	1271
3142	1266
3143	1266
3144	1265
3145	1264
3146	1264
3147	1264
3148	1263
3149	1263
3150	1263
3151	1263
3152	1263
3153	1261
3154	1261
3155	1261
3156	1260
3157	1258
3158	1258
3159	1258
3160	1257
3161	1257
3162	1257
3163	1256
3164	1255
3165	1254
3166	1254
3167	1253
3168	1253
3169	1253
3170	1253
3171	1252
3172	1251
3173	1251
3174	1250
3175	1248
3176	1248
3177	1248
3178	1245
3179	1244
3180	1243
3181	1242
3182	1242
3183	1242
3184	1241
3185	1241
3186	1240
3187	1240
3188	1240
3189	1238
3190	1238
3191	1237
3192	1237
3193	1237
3194	1237
3195	1237
3196	1236
3197	1235
3198	1235
3199	1234
3200	1233
3201	1233
3202	1233
3203	1233
3204	1233
3205	1232
3206	1232
3207	1232
3208	1232
3209	1232
3210	1231
3211	1231
3212	1231
3213	1230
3214	1228
3215	1228
3216	1227
3217	1226
3218	1226
3219	1226
3220	1225
3221	1225
3222	1224
3223	1223
3224	1223
3225	1223
3226	1221
3227	1221
3228	1220
3229	1220
3230	1220
3231	1218
3232	1218
3233	1217
3234	1216
3235	1216
3236	1215
3237	1215
3238	1214
3239	1213
3240	1213
3241	1212
3242	1212
3243	1211
3244	1211
3245	1211
3246	1209
3247	1207
3248	1206
3249	1205
3250	1205
3251	1204
3252	1203
3253	1203
3254	1203
3255	1202
3256	1202
3257	1202
3258	1202
3259	1201
3260	1201
3261	1201
3262	1201
3263	1201
3264	1200
3265	1199
3266	1199
3267	1199
3268	1199
3269	1198
3270	1198
3271	1196
3272	1196
3273	1196
3274	1195
3275	1195
3276	1195
3277	1194
3278	1193
3279	1192
3280	1192
3281	1192
3282	1191
3283	1191
3284	1190
3285	1190
3286	1189
3287	1188
3288	1187
3289	1187
3290	1186
3291	1186
3292	1185
3293	1185
3294	1183
3295	1183
3296	1183
3297	1182
3298	1182
3299	1182
3300	1181
3301	1179
3302	1179
3303	1179
3304	1178
3305	1177
3306	1176
3307	1176
3308	1175
3309	1175
3310	1174
3311	1173
3312	1173
3313	1171
3314	1171
3315	1171
3316	1168
3317	1167
3318	1166
3319	1165
3320	1164
3321	1163
3322	1163
3323	1162
3324	1160
3325	1159
3326	1159
3327	1159
3328	1158
3329	1158
3330	1157
3331	1156
3332	1156
3333	1155
3334	1155
3335	1154
3336	1154
3337	1154
3338	1154
3339	1153
3340	1153
3341	1153
3342	1152
3343	1151
3344	1148
3345	1148
3346	1147
3347	1146
3348	1144
3349	1144
3350	1141
3351	1141
3352	1141
3353	1141
3354	1140
3355	1139
3356	1139
3357	1138
3358	1138
3359	1138
3360	1137
3361	1135
3362	1134
3363	1133
3364	1133
3365	1131
3366	1130
3367	1130
3368	1129
3369	1129
3370	1128
3371	1128
3372	1127
3373	1126
3374	1126
3375	1125
3376	1124
3377	1124
3378	1123
3379	1122
3380	1122
3381	1121
3382	1121
3383	1121
3384	1120
3385	1120
3386	1120
3387	1120
3388	1118
3389	1118
3390	1117
3391	1116
3392	1115
3393	1115
3394	1115
3395	1113
3396	1113
3397	1113
3398	1112
3399	1112
3400	1112
3401	1111
3402	1110
3403	1110
3404	1110
3405	1109
3406	1108
3407	1105
3408	1105
3409	1105
3410	1105
3411	1105
3412	1104
3413	1104
3414	1103
3415	1103
3416	1102
3417	1102
3418	1102
3419	1102
3420	1102
3421	1101
3422	1101
3423	1101
3424	1100
3425	1100
3426	1096
3427	1096
3428	1096
3429	1094
3430	1094
3431	1093
3432	1093
3433	1093
3434	1093
3435	1091
3436	1091
3437	1089
3438	1088
3439	1088
3440	1088
3441	1088
3442	1087
3443	1087
3444	1086
3445	1086
3446	1085
3447	1085
3448	1084
3449	1084
3450	1084
3451	1083
3452	1083
3453	1083
3454	1082
3455	1081
3456	1081
3457	1081
3458	1080
3459	1080
3460	1079
3461	1079
3462	1078
3463	1078
3464	1077
3465	1076
3466	1076
3467	1076
3468	1076
3469	1075
3470	1075
3471	1074
3472	1074
3473	1074
3474	1073
3475	1073
3476	1073
3477	1072
3478	1072
3479	1071
3480	1071
3481	1071
3482	1071
3483	1070
3484	1069
3485	1069
3486	1068
3487	1067
3488	1067
3489	1067
3490	1066
3491	1066
3492	1065
3493	1065
3494	1064
3495	1064
3496	1064
3497	1063
3498	1061
3499	1061
3500	1061
3501	1061
3502	1061
3503	1060
3504	1060
3505	1059
3506	1059
3507	1059
3508	1059
3509	1059
3510	1059
3511	1059
3512	1058
3513	1058
3514	1057
3515	1057
3516	1056
3517	1056
3518	1055
3519	1055
3520	1054
3521	1054
3522	1053
3523	1053
3524	1052
3525	1052
3526	1050
3527	1050
3528	1049
3529	1049
3530	1049
3531	1048
3532	1048
3533	1048
3534	1048
3535	1046
3536	1046
3537	1046
3538	1045
3539	1045
3540	1044
3541	1044
3542	1043
3543	1042
3544	1041
3545	1041
3546	1041
3547	1040
3548	1039
3549	1038
3550	1038
3551	1037
3552	1037
3553	1036
3554	1036
3555	1035
3556	1034
3557	1034
3558	1034
3559	1034
3560	1033
3561	1033
3562	1033
3563	1033
3564	1033
3565	1032
3566	1032
3567	1032
3568	1031
3569	1030
3570	1030
3571	1030
3572	1030
3573	1030
3574	1029
3575	1028
3576	1028
3577	1027
3578	1027
3579	1027
3580	1027
3581	1024
3582	1024
3583	1023
3584	1023
3585	1023
3586	1022
3587	1022
3588	1022
3589	1022
3590	1020
3591	1019
3592	1019
3593	1017
3594	1017
3595	1017
3596	1016
3597	1016
3598	1016
3599	1015
3600	1015
3601	1015
3602	1014
3603	1014
3604	1014
3605	1013
3606	1013
3607	1013
3608	1012
3609	1011
3610	1010
3611	1010
3612	1009
3613	1009
3614	1008
3615	1008
3616	1007
3617	1007
3618	1004
3619	1004
3620	1004
3621	1003
3622	1003
3623	1003
3624	1002
3625	1001
3626	1001
3627	1001
3628	1000
3629	999
3630	999
3631	997
3632	997
3633	996
3634	996
3635	996
3636	995
3637	994
3638	992
3639	991
3640	990
3641	990
3642	990
3643	989
3644	989
3645	989
3646	989
3647	988
3648	986
3649	986
3650	986
3651	985
3652	985
3653	983
3654	982
3655	982
3656	982
3657	981
3658	980
3659	980
3660	980
3661	980
3662	979
3663	978
3664	978
3665	978
3666	977
3667	977
3668	977
3669	977
3670	976
3671	976
3672	976
3673	975
3674	974
3675	973
3676	973
3677	972
3678	972
3679	970
3680	970
3681	969
3682	969
3683	968
3684	968
3685	967
3686	967
3687	966
3688	964
3689	964
3690	964
3691	964
3692	963
3693	963
3694	963
3695	962
3696	962
3697	962
3698	961
3699	960
3700	960
3701	959
3702	957
3703	957
3704	956
3705	956
3706	956
3707	955
3708	955
3709	954
3710	953
3711	953
3712	953
3713	950
3714	950
3715	950
3716	950
3717	949
3718	949
3719	947
3720	946
3721	946
3722	946
3723	946
3724	945
3725	945
3726	945
3727	944
3728	944
3729	943
3730	942
3731	941
3732	941
3733	941
3734	940
3735	939
3736	939
3737	938
3738	938
3739	938
3740	938
3741	937
3742	937
3743	937
3744	937
3745	936
3746	936
3747	935
3748	933
3749	932
3750	932
3751	930
3752	930
3753	929
3754	929
3755	929
3756	928
3757	928
3758	928
3759	928
3760	927
3761	927
3762	926
3763	926
3764	926
3765	925
3766	925
3767	924
3768	924
3769	923
3770	923
3771	923
3772	923
3773	923
3774	922
3775	922
3776	921
3777	920
3778	919
3779	919
3780	918
3781	918
3782	917
3783	917
3784	917
3785	916
3786	916
3787	915
3788	915
3789	914
3790	914
3791	914
3792	914
3793	913
3794	913
3795	912
3796	911
3797	911
3798	911
3799	911
3800	910
3801	910
3802	910
3803	909
3804	908
3805	907
3806	907
3807	906
3808	906
3809	906
3810	906
3811	906
3812	905
3813	905
3814	905
3815	904
3816	904
3817	904
3818	904
3819	904
3820	904
3821	903
3822	903
3823	903
3824	902
3825	901
3826	900
3827	900
3828	900
3829	900
3830	900
3831	899
3832	899
3833	899
3834	899
3835	898
3836	898
3837	898
3838	895
3839	894
3840	894
3841	894
3842	893
3843	893
3844	892
3845	892
3846	892
3847	891
3848	891
3849	891
3850	891
3851	890
3852	890
3853	889
3854	888
3855	888
3856	888
3857	888
3858	888
3859	888
3860	887
3861	887
3862	887
3863	887
3864	886
3865	886
3866	886
3867	886
3868	886
3869	885
3870	884
3871	884
3872	884
3873	883
3874	883
3875	883
3876	882
3877	882
3878	882
3879	882
3880	882
3881	881
3882	881
3883	881
3884	881
3885	881
3886	880
3887	880
3888	879
3889	879
3890	878
3891	878
3892	878
3893	877
3894	877
3895	877
3896	877
3897	876
3898	876
3899	876
3900	872
3901	871
3902	871
3903	871
3904	871
3905	871
3906	870
3907	870
3908	870
3909	868
3910	868
3911	868
3912	867
3913	866
3914	866
3915	866
3916	866
3917	865
3918	865
3919	864
3920	864
3921	864
3922	864
3923	862
3924	861
3925	861
3926	860
3927	859
3928	859
3929	859
3930	859
3931	859
3932	859
3933	859
3934	859
3935	857
3936	857
3937	857
3938	857
3939	857
3940	857
3941	856
3942	856
3943	856
3944	855
3945	855
3946	855
3947	855
3948	854
3949	853
3950	853
3951	853
3952	853
3953	852
3954	852
3955	851
3956	851
3957	851
3958	851
3959	850
3960	850
3961	849
3962	849
3963	849
3964	849
3965	848
3966	847
3967	847
3968	846
3969	846
3970	846
3971	844
3972	843
3973	843
3974	843
3975	842
3976	842
3977	840
3978	840
3979	839
3980	839
3981	839
3982	838
3983	838
3984	837
3985	837
3986	836
3987	836
3988	836
3989	836
3990	835
3991	834
3992	834
3993	834
3994	833
3995	833
3996	833
3997	832
3998	832
3999	832
4000	832
4001	831
4002	831
4003	831
4004	831
4005	831
4006	830
4007	828
4008	828
4009	828
4010	827
4011	827
4012	825
4013	825
4014	824
4015	824
4016	823
4017	822
4018	822
4019	821
4020	821
4021	819
4022	819
4023	819
4024	818
4025	817
4026	817
4027	817
4028	816
4029	815
4030	815
4031	815
4032	815
4033	814
4034	814
4035	814
4036	813
4037	813
4038	813
4039	812
4040	812
4041	811
4042	811
4043	811
4044	810
4045	810
4046	809
4047	809
4048	809
4049	809
4050	808
4051	808
4052	808
4053	808
4054	808
4055	808
4056	806
4057	805
4058	805
4059	805
4060	805
4061	805
4062	805
4063	805
4064	804
4065	804
4066	804
4067	804
4068	804
4069	804
4070	804
4071	803
4072	803
4073	803
4074	802
4075	802
4076	801
4077	801
4078	800
4079	800
4080	800
4081	799
4082	799
4083	798
4084	798
4085	798
4086	797
4087	797
4088	796
4089	796
4090	795
4091	795
4092	794
4093	794
4094	793
4095	793
4096	792
4097	792
4098	792
4099	791
4100	791
4101	791
4102	791
4103	790
4104	790
4105	789
4106	789
4107	789
4108	787
4109	787
4110	787
4111	786
4112	786
4113	785
4114	785
4115	785
4116	784
4117	784
4118	784
4119	784
4120	783
4121	783
4122	782
4123	782
4124	782
4125	782
4126	781
4127	781
4128	781
4129	781
4130	781
4131	780
4132	780
4133	780
4134	780
4135	780
4136	779
4137	779
4138	779
4139	779
4140	778
4141	778
4142	778
4143	778
4144	777
4145	777
4146	777
4147	776
4148	776
4149	775
4150	775
4151	775
4152	774
4153	774
4154	774
4155	772
4156	772
4157	772
4158	772
4159	772
4160	771
4161	771
4162	771
4163	771
4164	770
4165	770
4166	770
4167	769
4168	768
4169	768
4170	767
4171	767
4172	767
4173	766
4174	766
4175	766
4176	765
4177	765
4178	765
4179	764
4180	764
4181	763
4182	763
4183	763
4184	763
4185	762
4186	762
4187	762
4188	761
4189	761
4190	761
4191	761
4192	761
4193	761
4194	760
4195	760
4196	760
4197	760
4198	760
4199	760
4200	760
4201	759
4202	759
4203	759
4204	759
4205	758
4206	758
4207	758
4208	757
4209	757
4210	757
4211	757
4212	756
4213	755
4214	755
4215	754
4216	754
4217	754
4218	754
4219	754
4220	754
4221	753
4222	752
4223	752
4224	751
4225	750
4226	750
4227	749
4228	749
4229	749
4230	748
4231	748
4232	748
4233	748
4234	748
4235	748
4236	748
4237	747
4238	747
4239	747
4240	747
4241	746
4242	746
4243	746
4244	746
4245	746
4246	745
4247	743
4248	743
4249	743
4250	743
4251	742
4252	742
4253	741
4254	741
4255	740
4256	740
4257	739
4258	739
4259	738
4260	738
4261	738
4262	738
4263	738
4264	737
4265	737
4266	737
4267	737
4268	737
4269	736
4270	736
4271	735
4272	735
4273	735
4274	734
4275	734
4276	733
4277	733
4278	732
4279	732
4280	731
4281	731
4282	731
4283	731
4284	731
4285	731
4286	730
4287	730
4288	730
4289	730
4290	730
4291	730
4292	730
4293	729
4294	729
4295	729
4296	729
4297	728
4298	728
4299	727
4300	726
4301	726
4302	725
4303	725
4304	725
4305	724
4306	724
4307	724
4308	723
4309	723
4310	722
4311	722
4312	721
4313	721
4314	721
4315	721
4316	720
4317	720
4318	720
4319	720
4320	719
4321	719
4322	719
4323	719
4324	718
4325	718
4326	717
4327	716
4328	716
4329	715
4330	715
4331	715
4332	715
4333	715
4334	715
4335	714
4336	714
4337	714
4338	714
4339	713
4340	713
4341	713
4342	713
4343	713
4344	713
4345	713
4346	712
4347	712
4348	712
4349	712
4350	712
4351	712
4352	711
4353	710
4354	710
4355	710
4356	710
4357	710
4358	710
4359	710
4360	710
4361	710
4362	709
4363	708
4364	708
4365	708
4366	708
4367	708
4368	707
4369	707
4370	707
4371	707
4372	707
4373	707
4374	706
4375	706
4376	706
4377	706
4378	705
4379	705
4380	705
4381	705
4382	705
4383	705
4384	705
4385	705
4386	705
4387	704
4388	704
4389	704
4390	704
4391	703
4392	703
4393	703
4394	703
4395	703
4396	702
4397	701
4398	701
4399	701
4400	700
4401	699
4402	699
4403	699
4404	699
4405	699
4406	699
4407	698
4408	698
4409	698
4410	698
4411	697
4412	697
4413	696
4414	696
4415	696
4416	696
4417	695
4418	695
4419	695
4420	695
4421	694
4422	694
4423	694
4424	694
4425	694
4426	693
4427	693
4428	693
4429	693
4430	693
4431	692
4432	692
4433	692
4434	691
4435	691
4436	691
4437	691
4438	691
4439	690
4440	690
4441	690
4442	689
4443	689
4444	689
4445	688
4446	688
4447	688
4448	687
4449	687
4450	686
4451	686
4452	686
4453	685
4454	685
4455	685
4456	685
4457	684
4458	684
4459	684
4460	684
4461	683
4462	683
4463	683
4464	682
4465	681
4466	681
4467	681
4468	681
4469	680
4470	680
4471	680
4472	680
4473	680
4474	680
4475	679
4476	679
4477	679
4478	679
4479	679
4480	678
4481	678
4482	677
4483	677
4484	677
4485	677
4486	677
4487	677
4488	676
4489	676
4490	676
4491	676
4492	675
4493	675
4494	673
4495	673
4496	673
4497	673
4498	672
4499	672
4500	672
4501	672
4502	671
4503	671
4504	671
4505	671
4506	671
4507	671
4508	669
4509	669
4510	669
4511	669
4512	669
4513	669
4514	668
4515	668
4516	668
4517	667
4518	667
4519	666
4520	666
4521	665
4522	665
4523	665
4524	665
4525	665
4526	665
4527	664
4528	664
4529	664
4530	663
4531	663
4532	663
4533	663
4534	663
4535	663
4536	663
4537	662
4538	661
4539	661
4540	661
4541	660
4542	660
4543	660
4544	660
4545	660
4546	660
4547	660
4548	659
4549	659
4550	658
4551	658
4552	658
4553	658
4554	657
4555	656
4556	656
4557	656
4558	655
4559	655
4560	655
4561	655
4562	654
4563	654
4564	654
4565	654
4566	653
4567	653
4568	652
4569	652
4570	651
4571	651
4572	651
4573	650
4574	650
4575	649
4576	649
4577	649
4578	649
4579	649
4580	648
4581	648
4582	648
4583	647
4584	647
4585	647
4586	647
4587	647
4588	647
4589	647
4590	647
4591	646
4592	646
4593	645
4594	645
4595	645
4596	645
4597	644
4598	643
4599	643
4600	643
4601	642
4602	642
4603	642
4604	642
4605	642
4606	642
4607	641
4608	641
4609	640
4610	640
4611	640
4612	640
4613	640
4614	640
4615	639
4616	639
4617	639
4618	639
4619	638
4620	638
4621	638
4622	638
4623	638
4624	638
4625	638
4626	638
4627	638
4628	638
4629	637
4630	637
4631	636
4632	636
4633	636
4634	636
4635	636
4636	635
4637	635
4638	635
4639	634
4640	633
4641	633
4642	632
4643	632
4644	632
4645	631
4646	631
4647	631
4648	631
4649	631
4650	630
4651	630
4652	630
4653	630
4654	630
4655	630
4656	629
4657	629
4658	629
4659	629
4660	628
4661	628
4662	628
4663	627
4664	627
4665	626
4666	626
4667	626
4668	626
4669	625
4670	625
4671	625
4672	624
4673	624
4674	623
4675	623
4676	623
4677	622
4678	622
4679	621
4680	621
4681	620
4682	620
4683	620
4684	620
4685	620
4686	618
4687	618
4688	618
4689	618
4690	618
4691	617
4692	617
4693	616
4694	616
4695	616
4696	616
4697	616
4698	616
4699	616
4700	615
4701	615
4702	615
4703	614
4704	614
4705	614
4706	614
4707	613
4708	613
4709	613
4710	612
4711	612
4712	612
4713	611
4714	611
4715	611
4716	611
4717	610
4718	610
4719	610
4720	609
4721	609
4722	609
4723	609
4724	609
4725	609
4726	608
4727	608
4728	608
4729	608
4730	608
4731	608
4732	608
4733	608
4734	607
4735	607
4736	607
4737	605
4738	603
4739	603
4740	602
4741	602
4742	602
4743	602
4744	601
4745	601
4746	601
4747	600
4748	600
4749	600
4750	600
4751	600
4752	599
4753	599
4754	599
4755	599
4756	599
4757	598
4758	598
4759	598
4760	598
4761	597
4762	597
4763	597
4764	597
4765	596
4766	596
4767	596
4768	596
4769	596
4770	595
4771	595
4772	595
4773	594
4774	594
4775	594
4776	594
4777	593
4778	593
4779	593
4780	593
4781	593
4782	593
4783	593
4784	593
4785	592
4786	592
4787	592
4788	591
4789	591
4790	591
4791	591
4792	590
4793	590
4794	590
4795	589
4796	589
4797	589
4798	588
4799	588
4800	588
4801	588
4802	587
4803	587
4804	586
4805	586
4806	586
4807	585
4808	585
4809	584
4810	584
4811	583
4812	582
4813	582
4814	582
4815	582
4816	581
4817	581
4818	580
4819	580
4820	580
4821	580
4822	579
4823	579
4824	579
4825	579
4826	579
4827	579
4828	578
4829	578
4830	578
4831	577
4832	577
4833	577
4834	577
4835	577
4836	577
4837	577
4838	576
4839	576
4840	576
4841	576
4842	575
4843	575
4844	575
4845	575
4846	575
4847	575
4848	575
4849	574
4850	574
4851	574
4852	574
4853	573
4854	573
4855	573
4856	573
4857	573
4858	572
4859	572
4860	572
4861	572
4862	572
4863	572
4864	571
4865	571
4866	570
4867	570
4868	570
4869	570
4870	570
4871	570
4872	569
4873	569
4874	569
4875	569
4876	569
4877	569
4878	569
4879	569
4880	568
4881	568
4882	568
4883	567
4884	567
4885	567
4886	567
4887	567
4888	567
4889	566
4890	566
4891	566
4892	566
4893	566
4894	565
4895	565
4896	565
4897	564
4898	564
4899	563
4900	563
4901	563
4902	562
4903	562
4904	561
4905	561
4906	561
4907	561
4908	561
4909	561
4910	561
4911	560
4912	560
4913	560
4914	560
4915	560
4916	560
4917	560
4918	559
4919	559
4920	558
4921	558
4922	558
4923	557
4924	557
4925	557
4926	557
4927	557
4928	557
4929	557
4930	556
4931	556
4932	556
4933	556
4934	556
4935	555
4936	555
4937	554
4938	554
4939	554
4940	554
4941	553
4942	553
4943	553
4944	553
4945	553
4946	553
4947	552
4948	552
4949	552
4950	552
4951	552
4952	552
4953	552
4954	551
4955	551
4956	551
4957	551
4958	551
4959	551
4960	551
4961	550
4962	550
4963	550
4964	549
4965	549
4966	549
4967	549
4968	549
4969	549
4970	549
4971	549
4972	549
4973	548
4974	548
4975	548
4976	547
4977	547
4978	547
4979	547
4980	546
4981	546
4982	546
4983	546
4984	546
4985	546
4986	546
4987	546
4988	546
4989	545
4990	545
4991	545
4992	545
4993	545
4994	544
4995	544
4996	544
4997	544
4998	544
4999	544
5000	544
5001	543
5002	543
5003	543
5004	543
5005	543
5006	542
5007	542
5008	542
5009	542
5010	542
5011	542
5012	542
5013	542
5014	541
5015	541
5016	541
5017	541
5018	540
5019	540
5020	540
5021	540
5022	539
5023	539
5024	539
5025	539
5026	538
5027	538
5028	537
5029	537
5030	536
5031	536
5032	536
5033	536
5034	536
5035	536
5036	536
5037	536
5038	536
5039	535
5040	535
5041	535
5042	534
5043	534
5044	534
5045	534
5046	534
5047	533
5048	533
5049	533
5050	533
5051	533
5052	533
5053	533
5054	532
5055	532
5056	532
5057	532
5058	532
5059	532
5060	532
5061	532
5062	531
5063	531
5064	531
5065	531
5066	531
5067	530
5068	530
5069	530
5070	530
5071	530
5072	530
5073	530
5074	529
5075	529
5076	529
5077	529
5078	529
5079	528
5080	528
5081	528
5082	527
5083	527
5084	527
5085	527
5086	526
5087	526
5088	526
5089	526
5090	526
5091	526
5092	526
5093	526
5094	526
5095	525
5096	525
5097	525
5098	525
5099	525
5100	525
5101	525
5102	524
5103	524
5104	524
5105	524
5106	524
5107	524
5108	524
5109	524
5110	524
5111	523
5112	523
5113	522
5114	522
5115	521
5116	521
5117	521
5118	521
5119	521
5120	521
5121	520
5122	520
5123	520
5124	519
5125	519
5126	519
5127	519
5128	519
5129	519
5130	519
5131	519
5132	519
5133	518
5134	518
5135	518
5136	518
5137	518
5138	518
5139	517
5140	517
5141	517
5142	517
5143	517
5144	516
5145	516
5146	516
5147	516
5148	516
5149	515
5150	515
5151	515
5152	515
5153	515
5154	514
5155	514
5156	514
5157	514
5158	514
5159	514
5160	514
5161	514
5162	514
5163	513
5164	513
5165	513
5166	513
5167	513
5168	513
5169	512
5170	512
5171	511
5172	511
5173	511
5174	511
5175	511
5176	511
5177	510
5178	510
5179	510
5180	510
5181	509
5182	509
5183	509
5184	509
5185	509
5186	509
5187	509
5188	508
5189	508
5190	508
5191	508
5192	508
5193	507
5194	507
5195	507
5196	507
5197	507
5198	507
5199	507
5200	506
5201	506
5202	506
5203	506
5204	506
5205	506
5206	506
5207	506
5208	506
5209	505
5210	505
5211	504
5212	504
5213	504
5214	504
5215	504
5216	503
5217	503
5218	503
5219	503
5220	503
5221	502
5222	502
5223	502
5224	502
5225	502
5226	502
5227	502
5228	502
5229	502
5230	501
5231	501
5232	501
5233	501
5234	501
5235	500
5236	500
5237	500
5238	499
5239	499
5240	499
5241	499
5242	499
5243	499
5244	499
5245	499
5246	498
5247	498
5248	498
5249	498
5250	498
5251	498
5252	498
5253	498
5254	497
5255	497
5256	497
5257	497
5258	496
5259	496
5260	496
5261	496
5262	496
5263	495
5264	495
5265	495
5266	495
5267	495
5268	495
5269	495
5270	495
5271	495
5272	495
5273	495
5274	495
5275	494
5276	494
5277	494
5278	494
5279	494
5280	494
5281	494
5282	493
5283	493
5284	493
5285	493
5286	493
5287	492
5288	492
5289	492
5290	492
5291	492
5292	492
5293	492
5294	492
5295	491
5296	491
5297	491
5298	491
5299	491
5300	490
5301	490
5302	490
5303	490
5304	490
5305	490
5306	490
5307	489
5308	489
5309	489
5310	489
5311	488
5312	488
5313	488
5314	488
5315	487
5316	487
5317	487
5318	487
5319	487
5320	487
5321	487
5322	487
5323	486
5324	486
5325	486
5326	486
5327	486
5328	485
5329	485
5330	485
5331	485
5332	485
5333	485
5334	485
5335	484
5336	484
5337	484
5338	484
5339	483
5340	483
5341	483
5342	483
5343	483
5344	483
5345	483
5346	483
5347	482
5348	482
5349	482
5350	482
5351	482
5352	482
5353	482
5354	482
5355	481
5356	481
5357	480
5358	480
5359	480
5360	480
5361	480
5362	480
5363	480
5364	479
5365	479
5366	479
5367	479
5368	478
5369	478
5370	478
5371	478
5372	478
5373	478
5374	478
5375	478
5376	477
5377	477
5378	477
5379	477
5380	477
5381	477
5382	477
5383	477
5384	477
5385	476
5386	476
5387	476
5388	476
5389	476
5390	476
5391	476
5392	476
5393	476
5394	476
5395	476
5396	476
5397	476
5398	476
5399	475
5400	475
5401	475
5402	475
5403	475
5404	475
5405	475
5406	475
5407	475
5408	475
5409	475
5410	474
5411	474
5412	474
5413	474
5414	474
5415	474
5416	473
5417	473
5418	473
5419	473
5420	472
5421	472
5422	472
5423	471
5424	471
5425	471
5426	471
5427	470
5428	470
5429	469
5430	469
5431	469
5432	469
5433	469
5434	469
5435	469
5436	469
5437	468
5438	468
5439	468
5440	468
5441	467
5442	467
5443	467
5444	467
5445	467
5446	467
5447	467
5448	467
5449	467
5450	466
5451	466
5452	466
5453	466
5454	466
5455	466
5456	466
5457	466
5458	466
5459	466
5460	466
5461	466
5462	466
5463	465
5464	465
5465	465
5466	465
5467	464
5468	464
5469	464
5470	464
5471	464
5472	464
5473	464
5474	464
5475	463
5476	463
5477	463
5478	463
5479	462
5480	462
5481	462
5482	462
5483	462
5484	461
5485	461
5486	461
5487	461
5488	461
5489	461
5490	461
5491	461
5492	460
5493	460
5494	460
5495	459
5496	459
5497	459
5498	459
5499	459
5500	459
5501	459
5502	459
5503	458
5504	458
5505	458
5506	458
5507	458
5508	457
5509	457
5510	457
5511	457
5512	457
5513	457
5514	457
5515	457
5516	456
5517	456
5518	456
5519	456
5520	456
5521	456
5522	455
5523	455
5524	455
5525	455
5526	455
5527	455
5528	455
5529	455
5530	455
5531	454
5532	454
5533	454
5534	454
5535	454
5536	454
5537	454
5538	453
5539	453
5540	453
5541	453
5542	453
5543	453
5544	453
5545	452
5546	452
5547	451
5548	451
5549	451
5550	451
5551	451
5552	450
5553	450
5554	449
5555	449
5556	449
5557	449
5558	449
5559	449
5560	449
5561	449
5562	449
5563	449
5564	448
5565	448
5566	448
5567	448
5568	447
5569	447
5570	447
5571	447
5572	447
5573	447
5574	447
5575	447
5576	446
5577	446
5578	446
5579	446
5580	446
5581	446
5582	446
5583	446
5584	445
5585	445
5586	445
5587	445
5588	445
5589	445
5590	444
5591	444
5592	444
5593	444
5594	443
5595	443
5596	443
5597	442
5598	442
5599	442
5600	442
5601	442
5602	442
5603	442
5604	442
5605	442
5606	442
5607	442
5608	442
5609	442
5610	441
5611	441
5612	441
5613	441
5614	441
5615	441
5616	441
5617	441
5618	441
5619	441
5620	440
5621	440
5622	440
5623	440
5624	439
5625	439
5626	439
5627	439
5628	439
5629	439
5630	439
5631	439
5632	439
5633	439
5634	438
5635	438
5636	438
5637	438
5638	438
5639	438
5640	438
5641	437
5642	437
5643	437
5644	437
5645	437
5646	436
5647	436
5648	436
5649	436
5650	436
5651	435
5652	435
5653	435
5654	435
5655	434
5656	434
5657	434
5658	434
5659	434
5660	434
5661	434
5662	433
5663	433
5664	433
5665	433
5666	433
5667	433
5668	433
5669	432
5670	432
5671	432
5672	431
5673	431
5674	431
5675	431
5676	431
5677	431
5678	430
5679	430
5680	430
5681	430
5682	430
5683	429
5684	429
5685	429
5686	429
5687	429
5688	429
5689	429
5690	429
5691	428
5692	428
5693	428
5694	428
5695	428
5696	427
5697	427
5698	427
5699	427
5700	427
5701	426
5702	426
5703	426
5704	425
5705	425
5706	425
5707	425
5708	425
5709	424
5710	424
5711	424
5712	424
5713	424
5714	424
5715	424
5716	424
5717	424
5718	424
5719	423
5720	423
5721	423
5722	422
5723	422
5724	422
5725	422
5726	422
5727	422
5728	422
5729	422
5730	422
5731	422
5732	421
5733	421
5734	421
5735	421
5736	421
5737	421
5738	421
5739	421
5740	421
5741	420
5742	420
5743	420
5744	420
5745	420
5746	420
5747	420
5748	420
5749	420
5750	420
5751	420
5752	420
5753	419
5754	419
5755	419
5756	419
5757	419
5758	419
5759	419
5760	419
5761	418
5762	418
5763	418
5764	418
5765	418
5766	418
5767	418
5768	417
5769	417
5770	417
5771	417
5772	417
5773	417
5774	416
5775	416
5776	416
5777	416
5778	416
5779	415
5780	415
5781	415
5782	415
5783	415
5784	415
5785	415
5786	414
5787	414
5788	414
5789	414
5790	414
5791	414
5792	414
5793	413
5794	413
5795	413
5796	413
5797	413
5798	413
5799	413
5800	413
5801	412
5802	412
5803	412
5804	412
5805	412
5806	412
5807	412
5808	412
5809	411
5810	411
5811	411
5812	411
5813	411
5814	411
5815	411
5816	411
5817	411
5818	410
5819	410
5820	409
5821	409
5822	409
5823	408
5824	408
5825	408
5826	408
5827	408
5828	407
5829	407
5830	407
5831	407
5832	407
5833	407
5834	407
5835	407
5836	407
5837	406
5838	406
5839	406
5840	406
5841	405
5842	405
5843	404
5844	404
5845	404
5846	404
5847	404
5848	404
5849	404
5850	404
5851	404
5852	403
5853	403
5854	403
5855	403
5856	403
5857	403
5858	402
5859	402
5860	402
5861	402
5862	402
5863	402
5864	402
5865	402
5866	402
5867	401
5868	401
5869	401
5870	401
5871	401
5872	401
5873	401
5874	401
5875	401
5876	400
5877	400
5878	400
5879	400
5880	400
5881	400
5882	400
5883	399
5884	399
5885	399
5886	399
5887	399
5888	399
5889	399
5890	399
5891	399
5892	398
5893	398
5894	398
5895	398
5896	398
5897	398
5898	398
5899	398
5900	398
5901	397
5902	397
5903	397
5904	397
5905	397
5906	397
5907	397
5908	396
5909	396
5910	396
5911	396
5912	395
5913	395
5914	395
5915	395
5916	395
5917	394
5918	394
5919	394
5920	394
5921	394
5922	394
5923	394
5924	394
5925	394
5926	394
5927	393
5928	393
5929	393
5930	393
5931	393
5932	393
5933	393
5934	393
5935	392
5936	392
5937	392
5938	392
5939	392
5940	392
5941	392
5942	392
5943	392
5944	391
5945	391
5946	391
5947	391
5948	391
5949	391
5950	391
5951	390
5952	390
5953	390
5954	390
5955	390
5956	390
5957	389
5958	389
5959	389
5960	389
5961	389
5962	389
5963	389
5964	389
5965	389
5966	388
5967	388
5968	388
5969	388
5970	388
5971	388
5972	388
5973	388
5974	387
5975	387
5976	387
5977	387
5978	387
5979	387
5980	387
5981	387
5982	386
5983	386
5984	386
5985	386
5986	386
5987	386
5988	386
5989	386
5990	385
5991	385
5992	385
5993	385
5994	385
5995	385
5996	384
5997	384
5998	384
5999	384
6000	384
6001	384
6002	384
6003	384
6004	383
6005	383
6006	383
6007	383
6008	382
6009	382
6010	382
6011	382
6012	382
6013	381
6014	381
6015	381
6016	381
6017	381
6018	381
6019	381
6020	381
6021	379
6022	379
6023	379
6024	379
6025	379
6026	379
6027	379
6028	379
6029	379
6030	379
6031	378
6032	378
6033	378
6034	378
6035	378
6036	378
6037	378
6038	377
6039	377
6040	377
6041	377
6042	377
6043	377
6044	377
6045	377
6046	376
6047	376
6048	376
6049	376
6050	376
6051	376
6052	376
6053	376
6054	376
6055	376
6056	376
6057	376
6058	376
6059	375
6060	375
6061	375
6062	375
6063	375
6064	375
6065	375
6066	375
6067	375
6068	375
6069	375
6070	375
6071	374
6072	374
6073	374
6074	374
6075	374
6076	373
6077	373
6078	373
6079	373
6080	373
6081	372
6082	372
6083	372
6084	372
6085	372
6086	371
6087	371
6088	371
6089	371
6090	371
6091	371
6092	370
6093	370
6094	370
6095	370
6096	370
6097	370
6098	370
6099	370
6100	369
6101	369
6102	369
6103	369
6104	369
6105	369
6106	369
6107	369
6108	369
6109	369
6110	368
6111	368
6112	368
6113	368
6114	368
6115	368
6116	368
6117	368
6118	367
6119	367
6120	367
6121	366
6122	366
6123	366
6124	366
6125	366
6126	366
6127	366
6128	366
6129	365
6130	365
6131	365
6132	365
6133	365
6134	365
6135	365
6136	365
6137	365
6138	365
6139	364
6140	364
6141	364
6142	364
6143	364
6144	363
6145	363
6146	363
6147	363
6148	363
6149	363
6150	363
6151	362
6152	362
6153	362
6154	362
6155	361
6156	361
6157	361
6158	361
6159	361
6160	361
6161	361
6162	361
6163	361
6164	361
6165	361
6166	361
6167	361
6168	360
6169	360
6170	360
6171	360
6172	360
6173	360
6174	359
6175	359
6176	359
6177	359
6178	358
6179	358
6180	358
6181	358
6182	358
6183	358
6184	358
6185	358
6186	358
6187	358
6188	357
6189	357
6190	357
6191	357
6192	357
6193	357
6194	357
6195	357
6196	356
6197	356
6198	356
6199	356
6200	356
6201	356
6202	356
6203	356
6204	356
6205	355
6206	355
6207	355
6208	355
6209	355
6210	355
6211	355
6212	354
6213	354
6214	354
6215	354
6216	354
6217	353
6218	353
6219	353
6220	353
6221	353
6222	353
6223	353
6224	353
6225	353
6226	353
6227	352
6228	352
6229	352
6230	352
6231	352
6232	352
6233	352
6234	352
6235	351
6236	351
6237	351
6238	351
6239	351
6240	350
6241	350
6242	350
6243	350
6244	350
6245	350
6246	350
6247	349
6248	349
6249	349
6250	349
6251	349
6252	348
6253	348
6254	348
6255	348
6256	348
6257	348
6258	348
6259	347
6260	347
6261	347
6262	347
6263	347
6264	347
6265	347
6266	347
6267	347
6268	347
6269	347
6270	347
6271	347
6272	346
6273	346
6274	346
6275	346
6276	346
6277	346
6278	346
6279	345
6280	345
6281	345
6282	345
6283	345
6284	345
6285	345
6286	345
6287	345
6288	345
6289	345
6290	345
6291	345
6292	345
6293	345
6294	344
6295	344
6296	344
6297	344
6298	344
6299	344
6300	344
6301	344
6302	344
6303	343
6304	343
6305	343
6306	343
6307	343
6308	343
6309	343
6310	343
6311	342
6312	342
6313	342
6314	342
6315	342
6316	342
6317	342
6318	342
6319	342
6320	341
6321	341
6322	341
6323	341
6324	341
6325	341
6326	341
6327	341
6328	340
6329	340
6330	340
6331	340
6332	340
6333	340
6334	339
6335	339
6336	339
6337	339
6338	339
6339	339
6340	339
6341	339
6342	339
6343	338
6344	338
6345	338
6346	338
6347	338
6348	338
6349	338
6350	338
6351	337
6352	337
6353	337
6354	337
6355	337
6356	337
6357	337
6358	337
6359	337
6360	336
6361	336
6362	336
6363	336
6364	336
6365	336
6366	336
6367	336
6368	336
6369	335
6370	335
6371	335
6372	335
6373	335
6374	335
6375	335
6376	334
6377	334
6378	334
6379	334
6380	334
6381	334
6382	334
6383	334
6384	334
6385	334
6386	334
6387	333
6388	333
6389	333
6390	333
6391	333
6392	333
6393	333
6394	333
6395	332
6396	332
6397	332
6398	332
6399	332
6400	332
6401	332
6402	332
6403	332
6404	331
6405	331
6406	331
6407	331
6408	331
6409	331
6410	331
6411	331
6412	331
6413	331
6414	331
6415	330
6416	330
6417	330
6418	330
6419	330
6420	330
6421	330
6422	330
6423	330
6424	329
6425	329
6426	329
6427	329
6428	329
6429	329
6430	329
6431	329
6432	328
6433	328
6434	328
6435	328
6436	328
6437	328
6438	328
6439	328
6440	328
6441	328
6442	328
6443	328
6444	328
6445	327
6446	327
6447	327
6448	327
6449	327
6450	327
6451	326
6452	326
6453	326
6454	326
6455	326
6456	326
6457	326
6458	326
6459	325
6460	325
6461	325
6462	325
6463	325
6464	325
6465	325
6466	325
6467	325
6468	325
6469	325
6470	325
6471	324
6472	324
6473	324
6474	324
6475	324
6476	324
6477	324
6478	324
6479	324
6480	324
6481	324
6482	324
6483	323
6484	323
6485	323
6486	323
6487	323
6488	323
6489	323
6490	323
6491	323
6492	323
6493	323
6494	323
6495	322
6496	322
6497	322
6498	322
6499	322
6500	322
6501	322
6502	322
6503	322
6504	322
6505	321
6506	321
6507	321
6508	321
6509	321
6510	321
6511	321
6512	321
6513	321
6514	321
6515	321
6516	321
6517	320
6518	320
6519	320
6520	320
6521	320
6522	320
6523	320
6524	320
6525	320
6526	320
6527	320
6528	320
6529	319
6530	319
6531	319
6532	319
6533	319
6534	319
6535	319
6536	318
6537	318
6538	318
6539	318
6540	318
6541	318
6542	318
6543	318
6544	318
6545	318
6546	317
6547	317
6548	317
6549	317
6550	317
6551	317
6552	317
6553	317
6554	317
6555	317
6556	317
6557	317
6558	317
6559	316
6560	316
6561	316
6562	316
6563	316
6564	316
6565	316
6566	316
6567	315
6568	315
6569	315
6570	315
6571	315
6572	315
6573	315
6574	315
6575	315
6576	314
6577	314
6578	314
6579	314
6580	314
6581	314
6582	314
6583	314
6584	313
6585	313
6586	313
6587	313
6588	313
6589	313
6590	313
6591	313
6592	313
6593	312
6594	312
6595	312
6596	312
6597	312
6598	312
6599	312
6600	311
6601	311
6602	311
6603	311
6604	311
6605	311
6606	310
6607	310
6608	310
6609	310
6610	310
6611	309
6612	309
6613	309
6614	309
6615	309
6616	309
6617	309
6618	309
6619	309
6620	309
6621	309
6622	309
6623	309
6624	308
6625	308
6626	308
6627	308
6628	308
6629	308
6630	308
6631	308
6632	308
6633	308
6634	308
6635	308
6636	308
6637	308
6638	308
6639	308
6640	308
6641	307
6642	307
6643	307
6644	307
6645	307
6646	307
6647	307
6648	307
6649	307
6650	307
6651	307
6652	307
6653	306
6654	306
6655	306
6656	306
6657	306
6658	306
6659	306
6660	306
6661	306
6662	306
6663	306
6664	305
6665	305
6666	305
6667	305
6668	305
6669	305
6670	305
6671	304
6672	304
6673	304
6674	304
6675	304
6676	304
6677	304
6678	304
6679	304
6680	304
6681	304
6682	304
6683	304
6684	304
6685	304
6686	304
6687	304
6688	303
6689	303
6690	303
6691	303
6692	303
6693	302
6694	302
6695	302
6696	302
6697	302
6698	302
6699	302
6700	301
6701	301
6702	301
6703	301
6704	301
6705	301
6706	301
6707	301
6708	301
6709	301
6710	300
6711	300
6712	300
6713	300
6714	300
6715	300
6716	300
6717	300
6718	300
6719	300
6720	300
6721	299
6722	299
6723	299
6724	299
6725	299
6726	299
6727	298
6728	298
6729	298
6730	298
6731	298
6732	298
6733	298
6734	298
6735	298
6736	298
6737	298
6738	298
6739	298
6740	298
6741	297
6742	297
6743	297
6744	297
6745	297
6746	297
6747	297
6748	297
6749	297
6750	297
6751	297
6752	296
6753	296
6754	296
6755	296
6756	296
6757	296
6758	296
6759	296
6760	295
6761	295
6762	295
6763	295
6764	295
6765	295
6766	295
6767	295
6768	295
6769	295
6770	295
6771	295
6772	295
6773	294
6774	294
6775	294
6776	294
6777	294
6778	294
6779	294
6780	294
6781	294
6782	294
6783	294
6784	293
6785	293
6786	293
6787	293
6788	293
6789	293
6790	293
6791	293
6792	293
6793	293
6794	293
6795	292
6796	292
6797	292
6798	292
6799	292
6800	292
6801	291
6802	291
6803	291
6804	291
6805	291
6806	291
6807	291
6808	290
6809	290
6810	290
6811	290
6812	290
6813	290
6814	290
6815	290
6816	290
6817	290
6818	290
6819	290
6820	290
6821	290
6822	289
6823	289
6824	289
6825	289
6826	289
6827	289
6828	289
6829	289
6830	289
6831	289
6832	289
6833	289
6834	289
6835	289
6836	289
6837	289
6838	289
6839	288
6840	288
6841	288
6842	288
6843	288
6844	288
6845	288
6846	288
6847	288
6848	288
6849	288
6850	287
6851	287
6852	287
6853	287
6854	287
6855	287
6856	287
6857	287
6858	287
6859	287
6860	287
6861	286
6862	286
6863	286
6864	286
6865	286
6866	286
6867	286
6868	286
6869	286
6870	286
6871	286
6872	286
6873	286
6874	286
6875	286
6876	285
6877	285
6878	285
6879	285
6880	285
6881	285
6882	285
6883	285
6884	285
6885	285
6886	284
6887	284
6888	284
6889	284
6890	284
6891	284
6892	284
6893	284
6894	284
6895	284
6896	284
6897	284
6898	284
6899	284
6900	283
6901	283
6902	283
6903	283
6904	283
6905	283
6906	283
6907	283
6908	283
6909	283
6910	283
6911	282
6912	282
6913	282
6914	282
6915	282
6916	282
6917	281
6918	281
6919	281
6920	281
6921	281
6922	281
6923	281
6924	281
6925	281
6926	281
6927	281
6928	281
6929	281
6930	281
6931	281
6932	281
6933	280
6934	280
6935	280
6936	280
6937	280
6938	280
6939	280
6940	280
6941	280
6942	280
6943	279
6944	279
6945	279
6946	279
6947	279
6948	279
6949	279
6950	279
6951	279
6952	278
6953	278
6954	278
6955	278
6956	278
6957	278
6958	278
6959	278
6960	278
6961	278
6962	278
6963	278
6964	278
6965	278
6966	278
6967	277
6968	277
6969	277
6970	277
6971	277
6972	277
6973	277
6974	277
6975	276
6976	276
6977	276
6978	276
6979	276
6980	276
6981	276
6982	276
6983	276
6984	276
6985	276
6986	276
6987	275
6988	275
6989	275
6990	275
6991	275
6992	275
6993	275
6994	275
6995	275
6996	275
6997	275
6998	275
6999	274
7000	274
7001	274
7002	274
7003	274
7004	274
7005	274
7006	274
7007	274
7008	274
7009	274
7010	274
7011	274
7012	273
7013	273
7014	273
7015	273
7016	273
7017	273
7018	273
7019	273
7020	273
7021	273
7022	273
7023	272
7024	272
7025	272
7026	272
7027	272
7028	272
7029	272
7030	272
7031	271
7032	271
7033	271
7034	271
7035	271
7036	271
7037	271
7038	271
7039	271
7040	271
7041	271
7042	270
7043	270
7044	270
7045	270
7046	270
7047	270
7048	270
7049	270
7050	270
7051	270
7052	270
7053	269
7054	269
7055	269
7056	269
7057	269
7058	269
7059	269
7060	269
7061	269
7062	269
7063	269
7064	269
7065	269
7066	269
7067	268
7068	268
7069	268
7070	268
7071	268
7072	268
7073	267
7074	267
7075	267
7076	267
7077	267
7078	267
7079	267
7080	267
7081	267
7082	267
7083	267
7084	266
7085	266
7086	266
7087	266
7088	266
7089	265
7090	265
7091	265
7092	265
7093	265
7094	265
7095	265
7096	265
7097	264
7098	264
7099	264
7100	264
7101	264
7102	264
7103	264
7104	264
7105	264
7106	264
7107	264
7108	264
7109	264
7110	263
7111	263
7112	263
7113	263
7114	263
7115	263
7116	263
7117	263
7118	263
7119	263
7120	262
7121	262
7122	262
7123	262
7124	262
7125	261
7126	261
7127	261
7128	261
7129	261
7130	261
7131	261
7132	261
7133	261
7134	261
7135	261
7136	261
7137	261
7138	261
7139	261
7140	261
7141	261
7142	260
7143	260
7144	260
7145	260
7146	260
7147	260
7148	260
7149	260
7150	260
7151	260
7152	260
7153	260
7154	260
7155	259
7156	259
7157	259
7158	259
7159	259
7160	259
7161	259
7162	259
7163	259
7164	259
7165	259
7166	259
7167	259
7168	259
7169	258
7170	258
7171	258
7172	258
7173	258
7174	258
7175	258
7176	258
7177	258
7178	258
7179	258
7180	258
7181	258
7182	258
7183	258
7184	258
7185	258
7186	258
7187	258
7188	258
7189	258
7190	258
7191	257
7192	257
7193	257
7194	257
7195	257
7196	257
7197	257
7198	257
7199	257
7200	257
7201	256
7202	256
7203	256
7204	256
7205	256
7206	256
7207	256
7208	256
7209	256
7210	255
7211	255
7212	255
7213	255
7214	255
7215	255
7216	255
7217	255
7218	254
7219	254
7220	254
7221	254
7222	254
7223	254
7224	254
7225	254
7226	253
7227	253
7228	253
7229	253
7230	253
7231	253
7232	253
7233	253
7234	253
7235	253
7236	253
7237	252
7238	252
7239	252
7240	252
7241	252
7242	252
7243	252
7244	252
7245	252
7246	252
7247	251
7248	251
7249	251
7250	251
7251	251
7252	251
7253	251
7254	250
7255	250
7256	250
7257	250
7258	250
7259	250
7260	250
7261	250
7262	250
7263	250
7264	250
7265	250
7266	250
7267	250
7268	250
7269	250
7270	250
7271	250
7272	249
7273	249
7274	249
7275	249
7276	249
7277	249
7278	249
7279	249
7280	249
7281	249
7282	249
7283	249
7284	249
7285	248
7286	248
7287	248
7288	248
7289	248
7290	248
7291	248
7292	248
7293	247
7294	247
7295	247
7296	247
7297	247
7298	247
7299	247
7300	247
7301	247
7302	247
7303	247
7304	247
7305	247
7306	247
7307	247
7308	247
7309	246
7310	246
7311	246
7312	246
7313	246
7314	246
7315	246
7316	246
7317	245
7318	245
7319	245
7320	245
7321	245
7322	245
7323	245
7324	245
7325	245
7326	245
7327	245
7328	245
7329	245
7330	244
7331	244
7332	244
7333	244
7334	244
7335	244
7336	244
7337	244
7338	244
7339	244
7340	244
7341	244
7342	244
7343	244
7344	244
7345	244
7346	244
7347	244
7348	243
7349	243
7350	243
7351	243
7352	243
7353	243
7354	243
7355	243
7356	243
7357	243
7358	243
7359	243
7360	243
7361	243
7362	243
7363	242
7364	242
7365	242
7366	242
7367	242
7368	242
7369	242
7370	242
7371	242
7372	242
7373	242
7374	241
7375	241
7376	241
7377	241
7378	241
7379	241
7380	241
7381	241
7382	241
7383	241
7384	241
7385	241
7386	241
7387	240
7388	240
7389	240
7390	240
7391	240
7392	240
7393	240
7394	240
7395	240
7396	240
7397	240
7398	239
7399	239
7400	239
7401	239
7402	239
7403	239
7404	239
7405	239
7406	239
7407	239
7408	239
7409	239
7410	239
7411	239
7412	238
7413	238
7414	238
7415	238
7416	238
7417	238
7418	238
7419	238
7420	238
7421	238
7422	238
7423	238
7424	238
7425	238
7426	238
7427	238
7428	237
7429	237
7430	237
7431	237
7432	237
7433	237
7434	237
7435	237
7436	237
7437	237
7438	237
7439	237
7440	237
7441	236
7442	236
7443	236
7444	236
7445	236
7446	236
7447	236
7448	236
7449	236
7450	236
7451	236
7452	236
7453	236
7454	236
7455	236
7456	236
7457	235
7458	235
7459	235
7460	235
7461	235
7462	235
7463	235
7464	235
7465	235
7466	235
7467	235
7468	235
7469	234
7470	234
7471	234
7472	234
7473	234
7474	234
7475	234
7476	234
7477	234
7478	234
7479	234
7480	233
7481	233
7482	233
7483	233
7484	233
7485	233
7486	233
7487	233
7488	233
7489	233
7490	233
7491	233
7492	233
7493	233
7494	232
7495	232
7496	232
7497	232
7498	232
7499	232
7500	232
7501	232
7502	232
7503	232
7504	232
7505	232
7506	232
7507	232
7508	232
7509	232
7510	232
7511	231
7512	231
7513	231
7514	231
7515	231
7516	231
7517	231
7518	231
7519	231
7520	231
7521	231
7522	231
7523	231
7524	230
7525	230
7526	230
7527	230
7528	229
7529	229
7530	229
7531	229
7532	229
7533	229
7534	229
7535	229
7536	229
7537	229
7538	229
7539	229
7540	229
7541	229
7542	229
7543	229
7544	229
7545	229
7546	229
7547	229
7548	228
7549	228
7550	228
7551	228
7552	228
7553	228
7554	228
7555	228
7556	228
7557	228
7558	228
7559	228
7560	228
7561	228
7562	228
7563	228
7564	228
7565	228
7566	228
7567	228
7568	228
7569	228
7570	227
7571	227
7572	227
7573	227
7574	227
7575	227
7576	227
7577	227
7578	227
7579	227
7580	227
7581	227
7582	227
7583	227
7584	227
7585	227
7586	227
7587	227
7588	227
7589	226
7590	226
7591	226
7592	226
7593	226
7594	226
7595	226
7596	226
7597	226
7598	226
7599	226
7600	226
7601	226
7602	226
7603	225
7604	225
7605	225
7606	225
7607	225
7608	225
7609	225
7610	225
7611	225
7612	225
7613	225
7614	225
7615	225
7616	225
7617	225
7618	225
7619	225
7620	224
7621	224
7622	224
7623	224
7624	224
7625	224
7626	224
7627	224
7628	224
7629	224
7630	224
7631	224
7632	223
7633	223
7634	223
7635	223
7636	223
7637	223
7638	223
7639	223
7640	223
7641	223
7642	223
7643	223
7644	223
7645	223
7646	223
7647	223
7648	223
7649	223
7650	223
7651	222
7652	222
7653	222
7654	222
7655	222
7656	222
7657	222
7658	222
7659	222
7660	222
7661	222
7662	222
7663	222
7664	222
7665	222
7666	221
7667	221
7668	221
7669	221
7670	221
7671	221
7672	221
7673	221
7674	221
7675	221
7676	221
7677	221
7678	221
7679	221
7680	221
7681	221
7682	221
7683	220
7684	220
7685	220
7686	220
7687	220
7688	220
7689	220
7690	220
7691	220
7692	220
7693	220
7694	220
7695	220
7696	219
7697	219
7698	219
7699	219
7700	219
7701	219
7702	219
7703	219
7704	219
7705	219
7706	219
7707	219
7708	219
7709	219
7710	219
7711	219
7712	218
7713	218
7714	218
7715	218
7716	218
7717	218
7718	218
7719	218
7720	218
7721	218
7722	218
7723	218
7724	218
7725	217
7726	217
7727	217
7728	217
7729	217
7730	217
7731	217
7732	217
7733	217
7734	217
7735	217
7736	217
7737	216
7738	216
7739	216
7740	216
7741	216
7742	216
7743	216
7744	216
7745	216
7746	216
7747	216
7748	216
7749	216
7750	216
7751	216
7752	216
7753	216
7754	216
7755	216
7756	216
7757	216
7758	216
7759	215
7760	215
7761	215
7762	215
7763	215
7764	215
7765	215
7766	215
7767	215
7768	215
7769	215
7770	214
7771	214
7772	214
7773	214
7774	214
7775	214
7776	214
7777	214
7778	214
7779	214
7780	214
7781	214
7782	214
7783	214
7784	214
7785	214
7786	214
7787	214
7788	213
7789	213
7790	213
7791	213
7792	213
7793	213
7794	213
7795	213
7796	213
7797	213
7798	213
7799	213
7800	213
7801	213
7802	213
7803	213
7804	213
7805	213
7806	213
7807	213
7808	213
7809	213
7810	213
7811	212
7812	212
7813	212
7814	212
7815	212
7816	212
7817	212
7818	212
7819	212
7820	212
7821	212
7822	212
7823	212
7824	212
7825	212
7826	212
7827	212
7828	212
7829	211
7830	211
7831	211
7832	211
7833	211
7834	211
7835	211
7836	211
7837	211
7838	211
7839	211
7840	211
7841	211
7842	211
7843	211
7844	211
7845	210
7846	210
7847	210
7848	210
7849	210
7850	210
7851	210
7852	210
7853	210
7854	210
7855	210
7856	210
7857	210
7858	209
7859	209
7860	209
7861	209
7862	209
7863	209
7864	209
7865	209
7866	209
7867	209
7868	209
7869	209
7870	208
7871	208
7872	208
7873	208
7874	208
7875	208
7876	208
7877	208
7878	208
7879	208
7880	208
7881	208
7882	208
7883	208
7884	208
7885	208
7886	207
7887	207
7888	207
7889	207
7890	207
7891	207
7892	207
7893	207
7894	207
7895	207
7896	207
7897	207
7898	207
7899	207
7900	207
7901	207
7902	207
7903	207
7904	207
7905	207
7906	206
7907	206
7908	206
7909	206
7910	206
7911	206
7912	206
7913	206
7914	206
7915	206
7916	206
7917	206
7918	206
7919	206
7920	206
7921	206
7922	206
7923	206
7924	205
7925	205
7926	205
7927	205
7928	205
7929	205
7930	205
7931	205
7932	205
7933	205
7934	205
7935	205
7936	205
7937	205
7938	204
7939	204
7940	204
7941	204
7942	204
7943	204
7944	204
7945	204
7946	204
7947	204
7948	204
7949	204
7950	204
7951	204
7952	204
7953	203
7954	203
7955	203
7956	203
7957	203
7958	203
7959	203
7960	203
7961	203
7962	203
7963	203
7964	203
7965	203
7966	203
7967	203
7968	203
7969	203
7970	203
7971	202
7972	202
7973	202
7974	202
7975	202
7976	202
7977	202
7978	202
7979	202
7980	202
7981	202
7982	202
7983	201
7984	201
7985	201
7986	201
7987	201
7988	201
7989	201
7990	201
7991	201
7992	201
7993	201
7994	201
7995	201
7996	200
7997	200
7998	200
7999	200
8000	200
8001	200
8002	200
8003	200
8004	200
8005	200
8006	200
8007	200
8008	200
8009	200
8010	200
8011	200
8012	200
8013	199
8014	199
8015	199
8016	199
8017	199
8018	199
8019	199
8020	199
8021	199
8022	199
8023	199
8024	199
8025	199
8026	199
8027	199
8028	199
8029	199
8030	199
8031	199
8032	199
8033	199
8034	198
8035	198
8036	198
8037	198
8038	198
8039	198
8040	198
8041	198
8042	198
8043	198
8044	198
8045	198
8046	197
8047	197
8048	197
8049	197
8050	197
8051	197
8052	197
8053	197
8054	197
8055	197
8056	197
8057	197
8058	197
8059	197
8060	197
8061	196
8062	196
8063	196
8064	196
8065	196
8066	196
8067	196
8068	196
8069	196
8070	196
8071	196
8072	196
8073	196
8074	196
8075	196
8076	196
8077	196
8078	196
8079	196
8080	196
8081	195
8082	195
8083	195
8084	195
8085	195
8086	195
8087	195
8088	195
8089	195
8090	195
8091	195
8092	195
8093	195
8094	195
8095	195
8096	195
8097	195
8098	195
8099	195
8100	195
8101	195
8102	194
8103	194
8104	194
8105	194
8106	194
8107	194
8108	194
8109	194
8110	194
8111	194
8112	194
8113	194
8114	194
8115	194
8116	194
8117	194
8118	194
8119	194
8120	194
8121	193
8122	193
8123	193
8124	193
8125	193
8126	193
8127	193
8128	193
8129	193
8130	193
8131	193
8132	193
8133	192
8134	192
8135	192
8136	192
8137	192
8138	192
8139	192
8140	192
8141	192
8142	192
8143	192
8144	192
8145	192
8146	192
8147	192
8148	192
8149	192
8150	191
8151	191
8152	191
8153	191
8154	191
8155	191
8156	191
8157	191
8158	191
8159	191
8160	191
8161	191
8162	191
8163	191
8164	191
8165	191
8166	191
8167	191
8168	191
8169	191
8170	191
8171	191
8172	191
8173	190
8174	190
8175	190
8176	190
8177	190
8178	190
8179	190
8180	190
8181	190
8182	190
8183	190
8184	190
8185	190
8186	189
8187	189
8188	189
8189	189
8190	189
8191	189
8192	189
8193	189
8194	189
8195	189
8196	189
8197	189
8198	189
8199	189
8200	189
8201	189
8202	189
8203	189
8204	188
8205	188
8206	188
8207	188
8208	188
8209	188
8210	188
8211	188
8212	188
8213	188
8214	188
8215	188
8216	188
8217	188
8218	188
8219	188
8220	187
8221	187
8222	187
8223	187
8224	187
8225	187
8226	187
8227	187
8228	187
8229	187
8230	187
8231	187
8232	187
8233	187
8234	187
8235	187
8236	187
8237	187
8238	187
8239	186
8240	186
8241	186
8242	186
8243	186
8244	186
8245	186
8246	186
8247	186
8248	186
8249	186
8250	186
8251	186
8252	186
8253	186
8254	186
8255	186
8256	186
8257	186
8258	186
8259	186
8260	186
8261	185
8262	185
8263	185
8264	185
8265	185
8266	185
8267	185
8268	185
8269	185
8270	185
8271	185
8272	185
8273	185
8274	185
8275	185
8276	184
8277	184
8278	184
8279	184
8280	184
8281	184
8282	184
8283	184
8284	184
8285	184
8286	184
8287	184
8288	184
8289	184
8290	184
8291	184
8292	184
8293	184
8294	183
8295	183
8296	183
8297	183
8298	183
8299	183
8300	183
8301	183
8302	183
8303	183
8304	183
8305	183
8306	183
8307	183
8308	183
8309	183
8310	183
8311	183
8312	183
8313	183
8314	183
8315	183
8316	183
8317	183
8318	182
8319	182
8320	182
8321	182
8322	182
8323	182
8324	182
8325	182
8326	182
8327	182
8328	182
8329	182
8330	182
8331	182
8332	182
8333	182
8334	182
8335	182
8336	182
8337	182
8338	182
8339	182
8340	182
8341	182
8342	182
8343	182
8344	182
8345	181
8346	181
8347	181
8348	181
8349	181
8350	181
8351	181
8352	181
8353	181
8354	181
8355	181
8356	181
8357	181
8358	181
8359	181
8360	181
8361	181
8362	181
8363	181
8364	181
8365	181
8366	181
8367	181
8368	180
8369	180
8370	180
8371	180
8372	180
8373	180
8374	180
8375	180
8376	180
8377	180
8378	180
8379	180
8380	180
8381	180
8382	180
8383	180
8384	179
8385	179
8386	179
8387	179
8388	179
8389	179
8390	179
8391	179
8392	179
8393	179
8394	179
8395	179
8396	179
8397	179
8398	179
8399	179
8400	179
8401	179
8402	179
8403	179
8404	179
8405	178
8406	178
8407	178
8408	178
8409	178
8410	178
8411	178
8412	178
8413	178
8414	178
8415	178
8416	178
8417	178
8418	178
8419	178
8420	178
8421	178
8422	178
8423	178
8424	178
8425	178
8426	178
8427	177
8428	177
8429	177
8430	177
8431	177
8432	177
8433	177
8434	177
8435	177
8436	177
8437	177
8438	177
8439	177
8440	177
8441	177
8442	177
8443	177
8444	177
8445	177
8446	177
8447	177
8448	176
8449	176
8450	176
8451	176
8452	176
8453	176
8454	176
8455	176
8456	176
8457	176
8458	176
8459	176
8460	176
8461	176
8462	176
8463	176
8464	176
8465	176
8466	176
8467	176
8468	176
8469	175
8470	175
8471	175
8472	175
8473	175
8474	175
8475	175
8476	175
8477	175
8478	175
8479	175
8480	175
8481	175
8482	175
8483	175
8484	175
8485	175
8486	175
8487	175
8488	175
8489	175
8490	175
8491	175
8492	175
8493	174
8494	174
8495	174
8496	174
8497	174
8498	174
8499	174
8500	174
8501	174
8502	174
8503	174
8504	174
8505	174
8506	174
8507	174
8508	174
8509	173
8510	173
8511	173
8512	173
8513	173
8514	173
8515	173
8516	173
8517	173
8518	173
8519	173
8520	173
8521	173
8522	173
8523	173
8524	173
8525	173
8526	173
8527	173
8528	172
8529	172
8530	172
8531	172
8532	172
8533	172
8534	172
8535	172
8536	172
8537	172
8538	172
8539	172
8540	172
8541	172
8542	172
8543	172
8544	171
8545	171
8546	171
8547	171
8548	171
8549	171
8550	171
8551	171
8552	171
8553	171
8554	171
8555	171
8556	171
8557	171
8558	171
8559	171
8560	171
8561	171
8562	171
8563	171
8564	171
8565	171
8566	171
8567	171
8568	170
8569	170
8570	170
8571	170
8572	170
8573	170
8574	170
8575	170
8576	170
8577	170
8578	170
8579	170
8580	170
8581	170
8582	170
8583	170
8584	170
8585	170
8586	170
8587	170
8588	170
8589	170
8590	169
8591	169
8592	169
8593	169
8594	169
8595	169
8596	169
8597	169
8598	169
8599	169
8600	169
8601	169
8602	169
8603	169
8604	169
8605	169
8606	169
8607	169
8608	169
8609	169
8610	169
8611	169
8612	169
8613	169
8614	168
8615	168
8616	168
8617	168
8618	168
8619	168
8620	168
8621	168
8622	168
8623	168
8624	167
8625	167
8626	167
8627	167
8628	167
8629	167
8630	167
8631	167
8632	167
8633	167
8634	167
8635	167
8636	167
8637	167
8638	167
8639	167
8640	167
8641	167
8642	167
8643	167
8644	167
8645	167
8646	167
8647	167
8648	167
8649	167
8650	166
8651	166
8652	166
8653	166
8654	166
8655	166
8656	166
8657	166
8658	166
8659	166
8660	166
8661	166
8662	166
8663	166
8664	166
8665	166
8666	166
8667	166
8668	166
8669	166
8670	166
8671	166
8672	166
8673	166
8674	166
8675	166
8676	166
8677	166
8678	166
8679	165
8680	165
8681	165
8682	165
8683	165
8684	165
8685	165
8686	165
8687	165
8688	165
8689	165
8690	165
8691	165
8692	165
8693	165
8694	165
8695	165
8696	165
8697	165
8698	165
8699	165
8700	165
8701	165
8702	165
8703	165
8704	165
8705	165
8706	165
8707	165
8708	164
8709	164
8710	164
8711	164
8712	164
8713	164
8714	164
8715	164
8716	164
8717	164
8718	164
8719	164
8720	164
8721	164
8722	164
8723	164
8724	164
8725	164
8726	164
8727	164
8728	164
8729	164
8730	164
8731	164
8732	164
8733	164
8734	164
8735	164
8736	164
8737	164
8738	164
8739	164
8740	164
8741	163
8742	163
8743	163
8744	163
8745	163
8746	163
8747	163
8748	163
8749	163
8750	163
8751	163
8752	163
8753	163
8754	163
8755	163
8756	163
8757	163
8758	162
8759	162
8760	162
8761	162
8762	162
8763	162
8764	162
8765	162
8766	162
8767	162
8768	162
8769	162
8770	162
8771	162
8772	162
8773	162
8774	162
8775	162
8776	162
8777	162
8778	162
8779	162
8780	162
8781	162
8782	162
8783	162
8784	162
8785	162
8786	161
8787	161
8788	161
8789	161
8790	161
8791	161
8792	161
8793	161
8794	161
8795	161
8796	161
8797	161
8798	161
8799	161
8800	161
8801	161
8802	161
8803	161
8804	161
8805	161
8806	161
8807	161
8808	161
8809	161
8810	161
8811	160
8812	160
8813	160
8814	160
8815	160
8816	160
8817	160
8818	160
8819	160
8820	160
8821	160
8822	160
8823	160
8824	160
8825	160
8826	160
8827	160
8828	160
8829	160
8830	160
8831	160
8832	160
8833	160
8834	160
8835	160
8836	160
8837	160
8838	159
8839	159
8840	159
8841	159
8842	159
8843	159
8844	159
8845	159
8846	159
8847	159
8848	159
8849	159
8850	159
8851	159
8852	159
8853	159
8854	159
8855	159
8856	159
8857	159
8858	159
8859	159
8860	159
8861	158
8862	158
8863	158
8864	158
8865	158
8866	158
8867	158
8868	158
8869	158
8870	158
8871	158
8872	158
8873	158
8874	158
8875	158
8876	158
8877	158
8878	158
8879	158
8880	158
8881	158
8882	158
8883	158
8884	158
8885	158
8886	158
8887	158
8888	158
8889	158
8890	157
8891	157
8892	157
8893	157
8894	157
8895	157
8896	157
8897	157
8898	157
8899	157
8900	157
8901	157
8902	157
8903	157
8904	157
8905	157
8906	157
8907	157
8908	157
8909	157
8910	157
8911	157
8912	157
8913	157
8914	157
8915	157
8916	157
8917	157
8918	157
8919	157
8920	157
8921	157
8922	157
8923	156
8924	156
8925	156
8926	156
8927	156
8928	156
8929	156
8930	156
8931	156
8932	156
8933	156
8934	156
8935	156
8936	156
8937	156
8938	156
8939	156
8940	156
8941	156
8942	156
8943	156
8944	156
8945	156
8946	156
8947	156
8948	156
8949	156
8950	155
8951	155
8952	155
8953	155
8954	155
8955	155
8956	155
8957	155
8958	155
8959	155
8960	155
8961	155
8962	155
8963	155
8964	154
8965	154
8966	154
8967	154
8968	154
8969	154
8970	154
8971	154
8972	154
8973	154
8974	154
8975	154
8976	154
8977	154
8978	154
8979	154
8980	154
8981	154
8982	154
8983	154
8984	154
8985	154
8986	153
8987	153
8988	153
8989	153
8990	153
8991	153
8992	153
8993	153
8994	153
8995	153
8996	153
8997	153
8998	153
8999	153
9000	153
9001	153
9002	153
9003	153
9004	153
9005	153
9006	153
9007	153
9008	153
9009	153
9010	153
9011	153
9012	153
9013	153
9014	152
9015	152
9016	152
9017	152
9018	152
9019	152
9020	152
9021	152
9022	152
9023	152
9024	152
9025	152
9026	152
9027	152
9028	152
9029	152
9030	152
9031	152
9032	152
9033	152
9034	152
9035	152
9036	152
9037	152
9038	152
9039	152
9040	151
9041	151
9042	151
9043	151
9044	151
9045	151
9046	151
9047	151
9048	151
9049	151
9050	151
9051	151
9052	151
9053	151
9054	151
9055	151
9056	151
9057	151
9058	151
9059	151
9060	151
9061	151
9062	151
9063	151
9064	151
9065	151
9066	151
9067	150
9068	150
9069	150
9070	150
9071	150
9072	150
9073	150
9074	150
9075	150
9076	150
9077	150
9078	150
9079	150
9080	150
9081	150
9082	150
9083	150
9084	150
9085	150
9086	150
9087	150
9088	150
9089	150
9090	150
9091	150
9092	150
9093	150
9094	150
9095	150
9096	149
9097	149
9098	149
9099	149
9100	149
9101	149
9102	149
9103	149
9104	149
9105	149
9106	149
9107	149
9108	149
9109	149
9110	149
9111	149
9112	149
9113	149
9114	149
9115	149
9116	149
9117	149
9118	149
9119	148
9120	148
9121	148
9122	148
9123	148
9124	148
9125	148
9126	148
9127	148
9128	148
9129	148
9130	148
9131	148
9132	148
9133	148
9134	148
9135	148
9136	148
9137	148
9138	148
9139	148
9140	148
9141	148
9142	148
9143	148
9144	148
9145	148
9146	148
9147	148
9148	147
9149	147
9150	147
9151	147
9152	147
9153	147
9154	147
9155	147
9156	147
9157	147
9158	147
9159	147
9160	147
9161	147
9162	147
9163	147
9164	147
9165	147
9166	147
9167	147
9168	147
9169	147
9170	147
9171	147
9172	147
9173	147
9174	147
9175	147
9176	147
9177	146
9178	146
9179	146
9180	146
9181	146
9182	146
9183	146
9184	146
9185	146
9186	146
9187	146
9188	146
9189	146
9190	146
9191	146
9192	146
9193	146
9194	146
9195	146
9196	146
9197	146
9198	146
9199	146
9200	146
9201	146
9202	145
9203	145
9204	145
9205	145
9206	145
9207	145
9208	145
9209	145
9210	145
9211	145
9212	145
9213	145
9214	145
9215	145
9216	145
9217	145
9218	145
9219	145
9220	145
9221	145
9222	145
9223	145
9224	145
9225	145
9226	145
9227	145
9228	145
9229	145
9230	144
9231	144
9232	144
9233	144
9234	144
9235	144
9236	144
9237	144
9238	144
9239	144
9240	144
9241	144
9242	144
9243	144
9244	144
9245	144
9246	144
9247	143
9248	143
9249	143
9250	143
9251	143
9252	143
9253	143
9254	143
9255	143
9256	143
9257	143
9258	143
9259	143
9260	143
9261	143
9262	143
9263	143
9264	143
9265	143
9266	143
9267	143
9268	143
9269	143
9270	143
9271	143
9272	143
9273	143
9274	143
9275	143
9276	143
9277	143
9278	143
9279	143
9280	142
9281	142
9282	142
9283	142
9284	142
9285	142
9286	142
9287	142
9288	142
9289	142
9290	142
9291	142
9292	142
9293	142
9294	142
9295	142
9296	142
9297	142
9298	142
9299	142
9300	142
9301	142
9302	142
9303	142
9304	142
9305	142
9306	142
9307	142
9308	142
9309	142
9310	141
9311	141
9312	141
9313	141
9314	141
9315	141
9316	141
9317	141
9318	141
9319	141
9320	141
9321	141
9322	141
9323	141
9324	141
9325	141
9326	141
9327	141
9328	141
9329	141
9330	141
9331	141
9332	141
9333	141
9334	141
9335	141
9336	141
9337	141
9338	141
9339	140
9340	140
9341	140
9342	140
9343	140
9344	140
9345	140
9346	140
9347	140
9348	140
9349	140
9350	140
9351	140
9352	140
9353	140
9354	140
9355	140
9356	140
9357	140
9358	140
9359	140
9360	140
9361	140
9362	140
9363	140
9364	139
9365	139
9366	139
9367	139
9368	139
9369	139
9370	139
9371	139
9372	139
9373	139
9374	139
9375	139
9376	139
9377	139
9378	139
9379	139
9380	139
9381	139
9382	139
9383	139
9384	139
9385	139
9386	139
9387	139
9388	139
9389	139
9390	139
9391	139
9392	139
9393	139
9394	139
9395	138
9396	138
9397	138
9398	138
9399	138
9400	138
9401	138
9402	138
9403	138
9404	138
9405	138
9406	138
9407	138
9408	138
9409	138
9410	138
9411	138
9412	138
9413	138
9414	138
9415	138
9416	138
9417	138
9418	138
9419	138
9420	138
9421	138
9422	137
9423	137
9424	137
9425	137
9426	137
9427	137
9428	137
9429	137
9430	137
9431	137
9432	137
9433	137
9434	137
9435	137
9436	137
9437	137
9438	137
9439	137
9440	137
9441	137
9442	137
9443	137
9444	137
9445	137
9446	137
9447	137
9448	137
9449	137
9450	137
9451	136
9452	136
9453	136
9454	136
9455	136
9456	136
9457	136
9458	136
9459	136
9460	136
9461	136
9462	136
9463	136
9464	136
9465	136
9466	136
9467	136
9468	136
9469	136
9470	136
9471	136
9472	136
9473	136
9474	136
9475	136
9476	136
9477	136
9478	136
9479	136
9480	135
9481	135
9482	135
9483	135
9484	135
9485	135
9486	135
9487	135
9488	135
9489	135
9490	135
9491	135
9492	135
9493	135
9494	135
9495	135
9496	135
9497	135
9498	135
9499	135
9500	135
9501	135
9502	135
9503	135
9504	135
9505	135
9506	135
9507	134
9508	134
9509	134
9510	134
9511	134
9512	134
9513	134
9514	134
9515	134
9516	134
9517	134
9518	134
9519	134
9520	134
9521	134
9522	134
9523	134
9524	134
9525	134
9526	134
9527	134
9528	134
9529	134
9530	134
9531	134
9532	134
9533	134
9534	134
9535	134
9536	134
9537	134
9538	134
9539	133
9540	133
9541	133
9542	133
9543	133
9544	133
9545	133
9546	133
9547	133
9548	133
9549	133
9550	133
9551	133
9552	133
9553	133
9554	133
9555	133
9556	133
9557	133
9558	133
9559	133
9560	133
9561	133
9562	133
9563	133
9564	133
9565	133
9566	133
9567	133
9568	133
9569	133
9570	133
9571	133
9572	133
9573	133
9574	132
9575	132
9576	132
9577	132
9578	132
9579	132
9580	132
9581	132
9582	132
9583	132
9584	132
9585	132
9586	132
9587	132
9588	132
9589	132
9590	132
9591	132
9592	132
9593	132
9594	132
9595	132
9596	132
9597	132
9598	132
9599	131
9600	131
9601	131
9602	131
9603	131
9604	131
9605	131
9606	131
9607	131
9608	131
9609	131
9610	131
9611	131
9612	131
9613	131
9614	131
9615	131
9616	131
9617	131
9618	131
9619	131
9620	131
9621	131
9622	131
9623	131
9624	131
9625	131
9626	131
9627	131
9628	131
9629	131
9630	130
9631	130
9632	130
9633	130
9634	130
9635	130
9636	130
9637	130
9638	130
9639	130
9640	130
9641	130
9642	130
9643	130
9644	130
9645	130
9646	130
9647	130
9648	130
9649	130
9650	130
9651	130
9652	130
9653	130
9654	130
9655	130
9656	130
9657	130
9658	130
9659	130
9660	130
9661	130
9662	130
9663	130
9664	130
9665	129
9666	129
9667	129
9668	129
9669	129
9670	129
9671	129
9672	129
9673	129
9674	129
9675	129
9676	129
9677	129
9678	129
9679	129
9680	129
9681	129
9682	129
9683	129
9684	129
9685	129
9686	129
9687	129
9688	129
9689	129
9690	129
9691	129
9692	129
9693	129
9694	129
9695	129
9696	129
9697	129
9698	129
9699	129
9700	129
9701	129
9702	129
9703	129
9704	129
9705	128
9706	128
9707	128
9708	128
9709	128
9710	128
9711	128
9712	128
9713	128
9714	128
9715	128
9716	128
9717	128
9718	128
9719	128
9720	128
9721	128
9722	128
9723	128
9724	128
9725	128
9726	128
9727	128
9728	128
9729	128
9730	128
9731	128
9732	128
9733	128
9734	128
9735	127
9736	127
9737	127
9738	127
9739	127
9740	127
9741	127
9742	127
9743	127
9744	127
9745	127
9746	127
9747	127
9748	127
9749	127
9750	127
9751	127
9752	127
9753	127
9754	127
9755	127
9756	127
9757	127
9758	127
9759	127
9760	127
9761	127
9762	127
9763	127
9764	127
9765	127
9766	127
9767	126
9768	126
9769	126
9770	126
9771	126
9772	126
9773	126
9774	126
9775	126
9776	126
9777	126
9778	126
9779	126
9780	126
9781	126
9782	126
9783	126
9784	126
9785	126
9786	126
9787	126
9788	126
9789	126
9790	126
9791	126
9792	126
9793	126
9794	126
9795	126
9796	126
9797	126
9798	126
9799	126
9800	125
9801	125
9802	125
9803	125
9804	125
9805	125
9806	125
9807	125
9808	125
9809	125
9810	125
9811	125
9812	125
9813	125
9814	125
9815	125
9816	125
9817	125
9818	125
9819	125
9820	125
9821	125
9822	125
9823	125
9824	125
9825	125
9826	125
9827	125
9828	124
9829	124
9830	124
9831	124
9832	124
9833	124
9834	124
9835	124
9836	124
9837	124
9838	124
9839	124
9840	124
9841	124
9842	124
9843	124
9844	124
9845	124
9846	124
9847	124
9848	124
9849	124
9850	124
9851	124
9852	124
9853	124
9854	124
9855	124
9856	124
9857	124
9858	124
9859	124
9860	124
9861	124
9862	124
9863	124
9864	124
9865	124
9866	124
9867	124
9868	124
9869	124
9870	123
9871	123
9872	123
9873	123
9874	123
9875	123
9876	123
9877	123
9878	123
9879	123
9880	123
9881	123
9882	123
9883	123
9884	123
9885	123
9886	123
9887	123
9888	123
9889	123
9890	123
9891	123
9892	123
9893	123
9894	123
9895	123
9896	123
9897	123
9898	123
9899	123
9900	123
9901	123
9902	122
9903	122
9904	122
9905	122
9906	122
9907	122
9908	122
9909	122
9910	122
9911	122
9912	122
9913	122
9914	122
9915	122
9916	122
9917	122
9918	122
9919	122
9920	122
9921	122
9922	122
9923	122
9924	122
9925	122
9926	122
9927	122
9928	122
9929	122
9930	122
9931	122
9932	122
9933	122
9934	122
9935	122
9936	122
9937	122
9938	122
9939	122
9940	122
9941	121
9942	121
9943	121
9944	121
9945	121
9946	121
9947	121
9948	121
9949	121
9950	121
9951	121
9952	121
9953	121
9954	121
9955	121
9956	121
9957	121
9958	121
9959	121
9960	121
9961	121
9962	121
9963	121
9964	121
9965	121
9966	121
9967	121
9968	121
9969	121
9970	121
9971	121
9972	121
9973	121
9974	120
9975	120
9976	120
9977	120
9978	120
9979	120
9980	120
9981	120
9982	120
9983	120
9984	120
9985	120
9986	120
9987	120
9988	120
9989	120
9990	120
9991	120
9992	120
9993	120
9994	120
9995	120
9996	120
9997	120
9998	120
9999	120
